4787	1
4501	2
8065	3
2741	4
5303	5
2317	6
524	7
2740	8
7488	9
1	10
2572	11
5969	12
496	13
7132	14
8336	15
8985	16
4537	17
5959	18
6793	19
7802	20
9084	21
1668	22
7052	23
2406	24
8728	25
8178	26
6321	27
4550	28
169	29
2349	30
1957	31
8986	32
9413	33
6014	34
4874	35
1122	36
4527	37
9388	38
5700	39
6470	40
1440	41
4069	42
366	43
45	44
7652	45
5759	46
2542	47
879	48
1517	49
224	50
6840	51
518	52
8686	53
5288	54
3955	55
2694	56
1198	57
8345	58
5521	59
8010	60
9168	61
8233	62
9034	63
478	64
3787	65
1825	66
8163	67
2871	68
7579	69
902	70
4443	71
1778	72
715	73
6651	74
7102	75
3961	76
2850	77
7908	78
8590	79
3273	80
5949	81
3484	82
5919	83
4383	84
4894	85
9527	86
3842	87
7302	88
9461	89
517	90
277	91
7857	92
1636	93
7486	94
7007	95
323	96
5557	97
5612	98
8431	99
6629	100
64	101
6374	102
3198	103
3164	104
1135	105
3565	106
3533	107
7051	108
4555	109
533	110
4235	111
4739	112
9306	113
8375	114
5666	115
5162	116
7033	117
3330	118
1029	119
1989	120
1983	121
216	122
6862	123
1656	124
854	125
8238	126
7268	127
6308	128
5747	129
1950	130
117	131
6710	132
1597	133
991	134
5050	135
5795	136
7232	137
5446	138
2527	139
5749	140
1139	141
9002	142
7716	143
6303	144
3352	145
4784	146
4962	147
7155	148
9746	149
8116	150
2410	151
2839	152
3350	153
9590	154
1595	155
2745	156
2916	157
4048	158
5382	159
1970	160
9630	161
6701	162
7688	163
751	164
4543	165
4145	166
5864	167
807	168
3067	169
806	170
8191	171
8099	172
3572	173
6359	174
6579	175
8399	176
8382	177
3965	178
2723	179
4022	180
9352	181
2607	182
6041	183
3296	184
2078	185
9566	186
26	187
9795	188
9715	189
5463	190
7666	191
5580	192
4669	193
3672	194
1414	195
7501	196
9445	197
1507	198
8419	199
300	200
3132	201
4319	202
3038	203
6612	204
8907	205
7787	206
9050	207
9890	208
9019	209
1813	210
8218	211
4137	212
6498	213
1177	214
3149	215
2963	216
1561	217
2313	218
8022	219
3465	220
6295	221
1190	222
2237	223
4208	224
6711	225
5834	226
9140	227
7336	228
1852	229
2560	230
9633	231
8487	232
3189	233
2573	234
6241	235
1121	236
9484	237
4901	238
6789	239
4521	240
1982	241
11	242
7827	243
2306	244
8491	245
2836	246
8139	247
4207	248
5993	249
8711	250
6632	251
1573	252
7359	253
7751	254
3890	255
8603	256
4400	257
7643	258
1618	259
5100	260
5940	261
1280	262
7200	263
1285	264
3523	265
9888	266
8344	267
2954	268
8124	269
4779	270
3278	271
7761	272
1168	273
3808	274
831	275
6522	276
7667	277
1031	278
687	279
561	280
8109	281
7539	282
779	283
8039	284
3718	285
1352	286
3508	287
8020	288
5023	289
7555	290
3678	291
6811	292
6388	293
4716	294
5793	295
8797	296
1211	297
8137	298
5450	299
6995	300
4706	301
491	302
4437	303
8634	304
4159	305
7747	306
603	307
4541	308
1566	309
8764	310
6681	311
9400	312
1348	313
5262	314
7173	315
21	316
1572	317
7235	318
3086	319
7390	320
2057	321
2951	322
4182	323
9398	324
7214	325
4995	326
4345	327
5753	328
4148	329
1703	330
3503	331
1404	332
5669	333
2769	334
5141	335
6179	336
5729	337
3059	338
6066	339
1405	340
837	341
4574	342
7056	343
285	344
8854	345
3908	346
154	347
6031	348
4300	349
315	350
2366	351
2792	352
1140	353
2454	354
8608	355
7357	356
9631	357
9799	358
2487	359
1298	360
9587	361
6877	362
674	363
9199	364
3396	365
5019	366
147	367
1126	368
8037	369
1398	370
9017	371
3924	372
741	373
9307	374
9579	375
6889	376
2531	377
7406	378
7189	379
76	380
765	381
6808	382
9900	383
4171	384
222	385
1238	386
8497	387
6306	388
8371	389
6929	390
7217	391
7321	392
2811	393
2812	394
2234	395
9262	396
4947	397
773	398
7236	399
2459	400
6652	401
2549	402
9535	403
2709	404
8624	405
4761	406
2443	407
2104	408
6966	409
2518	410
5992	411
4549	412
597	413
7482	414
6677	415
9664	416
1553	417
3445	418
9354	419
8977	420
8182	421
6264	422
168	423
7769	424
5201	425
8845	426
1622	427
8810	428
4178	429
2523	430
4724	431
2460	432
6453	433
5656	434
7848	435
709	436
2965	437
89	438
5701	439
5713	440
1004	441
3392	442
2912	443
3293	444
2037	445
5189	446
1674	447
9242	448
5519	449
6401	450
1254	451
828	452
9499	453
1547	454
7330	455
1271	456
7334	457
3823	458
8457	459
4349	460
5605	461
976	462
3797	463
4644	464
2281	465
6336	466
7723	467
9453	468
3928	469
5199	470
6805	471
576	472
8518	473
506	474
4958	475
3902	476
7233	477
3512	478
1495	479
2287	480
3007	481
6770	482
2829	483
7157	484
7942	485
982	486
7260	487
6394	488
4440	489
645	490
7864	491
498	492
97	493
9669	494
9378	495
4515	496
7818	497
5697	498
7658	499
3122	500
3847	501
1366	502
1579	503
5966	504
3369	505
4103	506
2640	507
9660	508
2501	509
2453	510
7842	511
8132	512
6173	513
3	514
3025	515
871	516
1836	517
8327	518
7291	519
3549	520
9268	521
2984	522
6967	523
626	524
5236	525
5487	526
7958	527
2067	528
8849	529
9837	530
233	531
4777	532
5884	533
8475	534
4821	535
288	536
8995	537
7462	538
7792	539
714	540
432	541
9153	542
5678	543
2413	544
3648	545
9844	546
4135	547
2834	548
4698	549
6526	550
9103	551
2479	552
5588	553
7016	554
2697	555
6210	556
9565	557
8743	558
7866	559
9517	560
1979	561
1158	562
1431	563
9687	564
5515	565
195	566
4883	567
7410	568
7872	569
2245	570
3425	571
2931	572
9830	573
784	574
4731	575
3194	576
1337	577
7957	578
2608	579
93	580
2248	581
1427	582
5160	583
859	584
1149	585
4492	586
7216	587
1040	588
1974	589
5008	590
182	591
5350	592
2325	593
826	594
1007	595
8171	596
3166	597
7593	598
8398	599
7915	600
8803	601
1683	602
223	603
4906	604
8049	605
8402	606
3985	607
5092	608
6235	609
2445	610
6914	611
5149	612
5249	613
992	614
1037	615
5011	616
8094	617
8076	618
9158	619
7169	620
2135	621
2983	622
8283	623
4139	624
4386	625
2018	626
8768	627
8652	628
1543	629
2653	630
9609	631
5649	632
3220	633
7172	634
8104	635
9761	636
202	637
3754	638
6141	639
4563	640
3921	641
7054	642
102	643
9839	644
4075	645
635	646
3403	647
9330	648
7264	649
2520	650
8196	651
6856	652
3339	653
5685	654
3488	655
6057	656
6667	657
1924	658
957	659
5961	660
1696	661
6804	662
7023	663
4948	664
3656	665
1201	666
211	667
8651	668
4586	669
6682	670
8125	671
789	672
5847	673
6812	674
4782	675
8700	676
3182	677
3680	678
2071	679
5900	680
5968	681
3980	682
8309	683
1153	684
4566	685
6913	686
6916	687
6903	688
8830	689
8817	690
8828	691
4562	692
6906	693
4560	694
4558	695
6908	696
8827	697
2625	698
9286	699
3259	700
8406	701
8370	702
8938	703
6912	704
6958	705
6952	706
5576	707
2298	708
8101	709
5508	710
3243	711
586	712
1463	713
471	714
7401	715
3128	716
4934	717
2842	718
945	719
862	720
9326	721
4244	722
7644	723
8920	724
8282	725
8075	726
4588	727
2059	728
4715	729
8826	730
8479	731
1831	732
2772	733
1257	734
7197	735
8570	736
495	737
2503	738
2053	739
6025	740
8833	741
4421	742
6773	743
1382	744
5690	745
4329	746
7743	747
9356	748
6582	749
6155	750
9335	751
4026	752
7122	753
2024	754
7979	755
5792	756
2575	757
5897	758
2340	759
5876	760
171	761
2263	762
7983	763
6039	764
49	765
9756	766
6395	767
4076	768
8699	769
6022	770
3692	771
9281	772
7481	773
7246	774
1743	775
5444	776
8501	777
1484	778
1457	779
4353	780
4854	781
2230	782
943	783
6001	784
3743	785
7105	786
1975	787
5482	788
2664	789
2902	790
6755	791
1717	792
968	793
5889	794
4307	795
3649	796
340	797
3767	798
1422	799
8329	800
6048	801
3483	802
434	803
3521	804
2101	805
8893	806
6905	807
4475	808
1095	809
4471	810
7749	811
3232	812
4429	813
473	814
578	815
3217	816
6243	817
355	818
3037	819
2711	820
6376	821
3889	822
693	823
4036	824
5772	825
8956	826
6045	827
580	828
4221	829
9063	830
4809	831
4628	832
3378	833
63	834
6732	835
5093	836
429	837
5145	838
3004	839
85	840
5268	841
248	842
4486	843
9692	844
6140	845
1980	846
9055	847
1225	848
9729	849
7733	850
1164	851
5255	852
1734	853
9775	854
8268	855
1252	856
9711	857
1302	858
6752	859
1360	860
9038	861
8337	862
5271	863
7970	864
8032	865
4485	866
4029	867
5791	868
7337	869
7435	870
6067	871
7809	872
2329	873
4971	874
3210	875
7060	876
1028	877
115	878
6419	879
1560	880
1984	881
4108	882
5183	883
8547	884
9155	885
1871	886
3881	887
2576	888
6196	889
7803	890
121	891
2746	892
9108	893
2639	894
9457	895
292	896
7308	897
2552	898
5755	899
2187	900
2974	901
8397	902
9353	903
9092	904
3040	905
8333	906
8499	907
3130	908
2946	909
3499	910
4140	911
5353	912
4457	913
9086	914
5368	915
8135	916
3139	917
1910	918
2004	919
7642	920
6280	921
8748	922
6944	923
663	924
6283	925
9808	926
6727	927
6585	928
3265	929
5744	930
1861	931
999	932
936	933
5105	934
6953	935
9313	936
9642	937
4802	938
6253	939
398	940
9229	941
9113	942
4376	943
7411	944
3212	945
1112	946
5667	947
1878	948
4322	949
1069	950
1159	951
3541	952
9097	953
5553	954
9391	955
327	956
2687	957
6121	958
5764	959
213	960
4192	961
2241	962
2102	963
2467	964
3637	965
1556	966
7106	967
3419	968
7424	969
1048	970
3436	971
2058	972
3305	973
1241	974
6917	975
3336	976
5652	977
1959	978
4188	979
9531	980
2644	981
6167	982
923	983
5321	984
5226	985
4121	986
6451	987
6892	988
8947	989
6649	990
241	991
9752	992
9303	993
6421	994
7278	995
3206	996
6500	997
481	998
7161	999
2852	1000
2790	1001
6572	1002
5216	1003
6413	1004
3001	1005
3426	1006
8448	1007
5369	1008
9689	1009
7442	1010
1486	1011
3920	1012
3234	1013
9291	1014
8702	1015
8012	1016
8996	1017
456	1018
1151	1019
599	1020
4590	1021
4602	1022
4681	1023
6716	1024
7702	1025
2799	1026
3226	1027
8730	1028
8070	1029
2967	1030
9860	1031
87	1032
3950	1033
4553	1034
6860	1035
4841	1036
7699	1037
6964	1038
2331	1039
941	1040
8757	1041
761	1042
1521	1043
4609	1044
9605	1045
9372	1046
847	1047
8194	1048
2432	1049
6854	1050
4772	1051
1218	1052
872	1053
9656	1054
4634	1055
3623	1056
1581	1057
7691	1058
4175	1059
7689	1060
289	1061
1546	1062
5269	1063
5771	1064
7624	1065
5505	1066
5115	1067
4680	1068
435	1069
1874	1070
7559	1071
9649	1072
9615	1073
316	1074
2835	1075
4477	1076
6603	1077
6497	1078
3449	1079
1873	1080
1261	1081
489	1082
3311	1083
4518	1084
2222	1085
6361	1086
7186	1087
1723	1088
757	1089
899	1090
6007	1091
5225	1092
492	1093
1694	1094
2563	1095
1709	1096
8737	1097
8090	1098
7218	1099
7885	1100
931	1101
5509	1102
9043	1103
692	1104
3901	1105
1301	1106
4920	1107
4160	1108
6328	1109
1277	1110
4354	1111
6745	1112
3146	1113
4735	1114
7674	1115
4237	1116
6400	1117
7645	1118
877	1119
8843	1120
3148	1121
5574	1122
3796	1123
3871	1124
1655	1125
4164	1126
200	1127
2110	1128
126	1129
1758	1130
155	1131
2934	1132
5836	1133
4676	1134
9012	1135
2876	1136
2881	1137
775	1138
9287	1139
35	1140
4095	1141
7048	1142
836	1143
5164	1144
9474	1145
9321	1146
6932	1147
2368	1148
3815	1149
8994	1150
4663	1151
961	1152
8636	1153
2725	1154
4482	1155
8018	1156
5775	1157
9619	1158
2801	1159
1161	1160
1876	1161
2763	1162
2509	1163
214	1164
7708	1165
5979	1166
9886	1167
6555	1168
4760	1169
7120	1170
4219	1171
9754	1172
4975	1173
6933	1174
7980	1175
5990	1176
3522	1177
6356	1178
4808	1179
1767	1180
3306	1181
3850	1182
5438	1183
2465	1184
1155	1185
7228	1186
7272	1187
2994	1188
8781	1189
9651	1190
973	1191
3946	1192
4210	1193
8957	1194
8712	1195
2538	1196
238	1197
2987	1198
6227	1199
2492	1200
8122	1201
7562	1202
8442	1203
3158	1204
4502	1205
7546	1206
16	1207
7453	1208
9709	1209
8799	1210
5010	1211
5858	1212
5894	1213
1400	1214
2911	1215
8424	1216
5338	1217
9616	1218
8315	1219
1555	1220
6170	1221
7794	1222
9163	1223
6871	1224
3996	1225
1229	1226
4757	1227
1844	1228
4709	1229
3061	1230
6152	1231
5445	1232
9452	1233
8323	1234
4362	1235
7735	1236
412	1237
1654	1238
1850	1239
6785	1240
8528	1241
6517	1242
2154	1243
290	1244
6409	1245
4660	1246
2167	1247
170	1248
2396	1249
1885	1250
6549	1251
33	1252
604	1253
3495	1254
3879	1255
2693	1256
2927	1257
9305	1258
7292	1259
360	1260
1243	1261
5998	1262
6452	1263
5285	1264
7061	1265
1912	1266
9333	1267
4215	1268
9386	1269
100	1270
2370	1271
3638	1272
4320	1273
3231	1274
3039	1275
9117	1276
2779	1277
2960	1278
6380	1279
4011	1280
8038	1281
8321	1282
8005	1283
8733	1284
811	1285
8727	1286
643	1287
61	1288
6870	1289
3727	1290
5405	1291
8548	1292
5869	1293
6733	1294
7150	1295
7188	1296
2956	1297
3641	1298
8278	1299
4311	1300
1017	1301
4803	1302
7095	1303
420	1304
8814	1305
5046	1306
8446	1307
2860	1308
1343	1309
8623	1310
7620	1311
6468	1312
5627	1313
4595	1314
7540	1315
8299	1316
5637	1317
5567	1318
4495	1319
8045	1320
81	1321
8731	1322
4041	1323
4469	1324
1289	1325
4981	1326
3046	1327
352	1328
9122	1329
5754	1330
8997	1331
8151	1332
8177	1333
6095	1334
7762	1335
9285	1336
6160	1337
7890	1338
2526	1339
4172	1340
4136	1341
8473	1342
7572	1343
5682	1344
4035	1345
2793	1346
2255	1347
1173	1348
1330	1349
6698	1350
7976	1351
953	1352
7541	1353
371	1354
3778	1355
7756	1356
9407	1357
1718	1358
5020	1359
3092	1360
421	1361
485	1362
6109	1363
2471	1364
8978	1365
5593	1366
6448	1367
7985	1368
1514	1369
5882	1370
7895	1371
7473	1372
8007	1373
9536	1374
904	1375
4120	1376
5622	1377
3432	1378
8284	1379
4636	1380
8204	1381
2007	1382
5458	1383
2958	1384
5392	1385
8444	1386
2739	1387
8794	1388
9342	1389
7511	1390
1099	1391
5659	1392
7570	1393
4683	1394
4321	1395
2878	1396
227	1397
8646	1398
8894	1399
9376	1400
3791	1401
5498	1402
822	1403
1378	1404
5776	1405
6430	1406
7988	1407
1296	1408
2115	1409
5036	1410
272	1411
9000	1412
809	1413
3625	1414
9377	1415
4013	1416
5345	1417
357	1418
3200	1419
9774	1420
3677	1421
8006	1422
1097	1423
5976	1424
6456	1425
575	1426
1281	1427
7912	1428
6922	1429
1395	1430
8993	1431
9200	1432
8197	1433
8502	1434
4845	1435
166	1436
9603	1437
5785	1438
3904	1439
631	1440
3820	1441
428	1442
6992	1443
3224	1444
3373	1445
7771	1446
1816	1447
276	1448
621	1449
1943	1450
7281	1451
1511	1452
4279	1453
3670	1454
3444	1455
4463	1456
5144	1457
6441	1458
2580	1459
6256	1460
8831	1461
8285	1462
1288	1463
7075	1464
8598	1465
984	1466
1824	1467
1575	1468
659	1469
6866	1470
2114	1471
843	1472
3134	1473
5773	1474
7918	1475
804	1476
1601	1477
4126	1478
8172	1479
3540	1480
4467	1481
5895	1482
753	1483
1596	1484
6578	1485
7140	1486
2022	1487
7021	1488
8221	1489
964	1490
5752	1491
6128	1492
4662	1493
5645	1494
9637	1495
5214	1496
1792	1497
2159	1498
8538	1499
5671	1500
9258	1501
2885	1502
5937	1503
1127	1504
3747	1505
8751	1506
6712	1507
5779	1508
9201	1509
5127	1510
9142	1511
5750	1512
9553	1513
5224	1514
2169	1515
7933	1516
5880	1517
1936	1518
4840	1519
8583	1520
9913	1521
9435	1522
5638	1523
6157	1524
3361	1525
3703	1526
2339	1527
1046	1528
6720	1529
1275	1530
2766	1531
5069	1532
7925	1533
6046	1534
7310	1535
8117	1536
3502	1537
6431	1538
449	1539
3851	1540
655	1541
1651	1542
7923	1543
8860	1544
1192	1545
903	1546
7879	1547
1667	1548
3190	1549
1279	1550
5798	1551
3022	1552
4884	1553
1644	1554
887	1555
4655	1556
2953	1557
5132	1558
7364	1559
7128	1560
8374	1561
4201	1562
2054	1563
7465	1564
4077	1565
9081	1566
1291	1567
1258	1568
74	1569
2979	1570
1294	1571
2613	1572
4791	1573
8926	1574
8061	1575
6080	1576
6332	1577
5175	1578
3873	1579
4852	1580
8042	1581
9226	1582
594	1583
4890	1584
7093	1585
3555	1586
164	1587
641	1588
2138	1589
5346	1590
766	1591
3664	1592
6969	1593
5218	1594
6132	1595
5499	1596
3501	1597
1751	1598
1856	1599
5215	1600
7738	1601
2337	1602
9764	1603
971	1604
7492	1605
1900	1606
7370	1607
1920	1608
5492	1609
3145	1610
9192	1611
1011	1612
4896	1613
6558	1614
9796	1615
3665	1616
2847	1617
1068	1618
9676	1619
8850	1620
1967	1621
6691	1622
683	1623
189	1624
3888	1625
221	1626
5111	1627
4094	1628
1064	1629
5643	1630
9085	1631
5660	1632
2209	1633
2082	1634
6186	1635
8511	1636
3398	1637
3251	1638
4647	1639
610	1640
7156	1641
5394	1642
3131	1643
5950	1644
6724	1645
9710	1646
8998	1647
8936	1648
7574	1649
9244	1650
4687	1651
9918	1652
7646	1653
7935	1654
159	1655
3590	1656
7341	1657
5113	1658
349	1659
7089	1660
4326	1661
2716	1662
9357	1663
8534	1664
6187	1665
4891	1666
6931	1667
4002	1668
4569	1669
7427	1670
2752	1671
7067	1672
3428	1673
4741	1674
1544	1675
8445	1676
8251	1677
9872	1678
9087	1679
5053	1680
1510	1681
5339	1682
8878	1683
3967	1684
140	1685
4928	1686
676	1687
8013	1688
1191	1689
8428	1690
934	1691
4980	1692
6282	1693
8059	1694
1437	1695
7697	1696
4517	1697
9542	1698
9805	1699
8640	1700
2439	1701
4866	1702
6757	1703
5821	1704
5006	1705
6737	1706
5904	1707
6139	1708
4019	1709
1136	1710
4089	1711
149	1712
1300	1713
2126	1714
138	1715
8565	1716
9741	1717
9381	1718
8201	1719
1089	1720
9564	1721
2384	1722
17	1723
6050	1724
901	1725
1061	1726
7630	1727
9359	1728
386	1729
4163	1730
9270	1731
7412	1732
5035	1733
1588	1734
3120	1735
1539	1736
1498	1737
2519	1738
6408	1739
6567	1740
6573	1741
1050	1742
5679	1743
346	1744
3229	1745
3427	1746
649	1747
6977	1748
3636	1749
8035	1750
3506	1751
1323	1752
4274	1753
1052	1754
6714	1755
8496	1756
4994	1757
2808	1758
725	1759
4648	1760
7407	1761
7348	1762
3822	1763
1809	1764
7913	1765
5231	1766
6002	1767
783	1768
8436	1769
3475	1770
2312	1771
9841	1772
8162	1773
2271	1774
4938	1775
442	1776
1607	1777
199	1778
7880	1779
9856	1780
5361	1781
1232	1782
7940	1783
5994	1784
1888	1785
3041	1786
385	1787
3591	1788
7177	1789
1902	1790
14	1791
2109	1792
1203	1793
5654	1794
6617	1795
3129	1796
2891	1797
5190	1798
5237	1799
797	1800
52	1801
2485	1802
7170	1803
5812	1804
2587	1805
1834	1806
5595	1807
6768	1808
9320	1809
8296	1810
7513	1811
8129	1812
3728	1813
6223	1814
5718	1815
6450	1816
5640	1817
5047	1818
2355	1819
3619	1820
9850	1821
932	1822
7582	1823
5594	1824
1524	1825
8690	1826
3855	1827
4728	1828
4933	1829
7049	1830
4494	1831
5041	1832
193	1833
4937	1834
4726	1835
7558	1836
770	1837
8620	1838
8952	1839
6800	1840
1246	1841
6276	1842
131	1843
8028	1844
3706	1845
3343	1846
939	1847
1260	1848
1303	1849
9696	1850
4198	1851
2246	1852
9870	1853
9716	1854
3364	1855
156	1856
7986	1857
127	1858
7907	1859
6016	1860
294	1861
4497	1862
5474	1863
1991	1864
5067	1865
7444	1866
4044	1867
2947	1868
113	1869
532	1870
718	1871
2147	1872
5731	1873
1433	1874
6333	1875
6197	1876
6058	1877
6130	1878
2507	1879
7035	1880
6838	1881
5518	1882
5910	1883
6030	1884
9558	1885
3458	1886
6435	1887
3807	1888
3978	1889
3136	1890
7790	1891
4816	1892
1897	1893
3511	1894
4323	1895
475	1896
2500	1897
6818	1898
6005	1899
7955	1900
7418	1901
7389	1902
3922	1903
5941	1904
2063	1905
259	1906
9859	1907
6825	1908
9444	1909
684	1910
5784	1911
3550	1912
465	1913
7388	1914
476	1915
6850	1916
1207	1917
20	1918
8982	1919
9836	1920
311	1921
5193	1922
7489	1923
1891	1924
745	1925
3240	1926
8168	1927
4020	1928
7076	1929
2919	1930
9230	1931
1236	1932
4085	1933
5840	1934
5261	1935
1060	1936
993	1937
39	1938
2943	1939
1018	1940
3384	1941
792	1942
3366	1943
1399	1944
5921	1945
642	1946
6338	1947
5108	1948
1073	1949
6129	1950
6503	1951
3138	1952
5901	1953
4438	1954
8671	1955
2505	1956
6758	1957
1755	1958
2088	1959
7622	1960
3831	1961
4008	1962
2264	1963
3768	1964
9878	1965
830	1966
6454	1967
4712	1968
7897	1969
7087	1970
6268	1971
3221	1972
758	1973
5995	1974
778	1975
9735	1976
5938	1977
3460	1978
6357	1979
8545	1980
5277	1981
3318	1982
4489	1983
7727	1984
2884	1985
8461	1986
9371	1987
9193	1988
2251	1989
6224	1990
720	1991
2949	1992
2786	1993
6957	1994
5491	1995
8532	1996
3207	1997
2125	1998
8078	1999
890	2000
9247	2001
8698	2002
5287	2003
857	2004
7902	2005
4302	2006
7231	2007
270	2008
1633	2009
2422	2010
1001	2011
3057	2012
3365	2013
1012	2014
3121	2015
6432	2016
6796	2017
4861	2018
616	2019
3713	2020
3536	2021
9191	2022
9007	2023
3065	2024
6052	2025
565	2026
6824	2027
5991	2028
9684	2029
4241	2030
2698	2031
7199	2032
8500	2033
4004	2034
810	2035
4573	2036
7367	2037
9884	2038
5410	2039
8376	2040
6683	2041
7206	2042
9678	2043
5736	2044
549	2045
5662	2046
1227	2047
1470	2048
7249	2049
2016	2050
328	2051
6878	2052
2757	2053
9406	2054
3856	2055
4615	2056
4617	2057
9625	2058
7050	2059
3090	2060
1156	2061
1351	2062
8758	2063
5948	2064
5310	2065
5769	2066
3918	2067
2568	2068
990	2069
4552	2070
8739	2071
9670	2072
2228	2073
8147	2074
128	2075
9891	2076
9896	2077
5389	2078
2791	2079
5843	2080
6004	2081
9882	2082
6003	2083
6386	2084
2291	2085
8508	2086
7133	2087
7454	2088
5395	2089
7550	2090
5027	2091
15	2092
4955	2093
7714	2094
8576	2095
8644	2096
463	2097
1997	2098
5552	2099
2380	2100
6382	2101
2142	2102
5357	2103
3895	2104
2383	2105
9143	2106
1532	2107
1195	2108
3424	2109
1480	2110
7101	2111
9102	2112
3333	2113
1118	2114
954	2115
8236	2116
8215	2117
185	2118
6529	2119
4352	2120
7436	2121
8964	2122
6604	2123
8486	2124
1976	2125
8362	2126
7496	2127
5496	2128
3383	2129
1086	2130
8179	2131
3932	2132
9789	2133
7499	2134
9076	2135
1185	2136
7164	2137
9364	2138
114	2139
3964	2140
4441	2141
9663	2142
7681	2143
9447	2144
6935	2145
3974	2146
852	2147
3917	2148
8510	2149
6292	2150
8693	2151
8595	2152
1311	2153
267	2154
5971	2155
4231	2156
3788	2157
3740	2158
4618	2159
7142	2160
6832	2161
2976	2162
9383	2163
2218	2164
6438	2165
8653	2166
959	2167
8439	2168
9580	2169
8091	2170
3027	2171
1364	2172
9923	2173
1464	2174
3667	2175
3099	2176
5223	2177
6687	2178
6239	2179
361	2180
8631	2181
9203	2182
4804	2183
1375	2184
4141	2185
3694	2186
8266	2187
244	2188
8413	2189
2945	2190
1598	2191
158	2192
1732	2193
1881	2194
3535	2195
6996	2196
3066	2197
9694	2198
8723	2199
9148	2200
1104	2201
255	2202
5720	2203
6895	2204
8732	2205
3409	2206
3029	2207
8154	2208
9539	2209
8966	2210
2939	2211
3349	2212
4328	2213
3780	2214
3096	2215
9396	2216
5084	2217
4885	2218
9834	2219
7592	2220
7600	2221
5351	2222
9069	2223
2046	2224
698	2225
3181	2226
4455	2227
786	2228
2729	2229
2525	2230
2464	2231
8805	2232
7391	2233
5096	2234
2171	2235
7936	2236
5691	2237
4416	2238
5615	2239
5650	2240
7552	2241
4702	2242
53	2243
8912	2244
8788	2245
730	2246
6092	2247
3310	2248
8421	2249
8456	2250
4334	2251
1010	2252
1614	2253
3493	2254
5264	2255
5837	2256
4990	2257
307	2258
8974	2259
3195	2260
6342	2261
5284	2262
6127	2263
707	2264
1059	2265
8816	2266
201	2267
8592	2268
7387	2269
3073	2270
8140	2271
9079	2272
41	2273
8250	2274
6442	2275
7192	2276
5716	2277
2404	2278
865	2279
6402	2280
8001	2281
2457	2282
8937	2283
4949	2284
4452	2285
17	2286
5205	2287
1266	2288
1894	2289
2295	2290
5098	2291
9876	2292
1859	2293
5527	2294
6492	2295
3948	2296
3596	2297
6307	2298
4265	2299
930	2300
3156	2301
6753	2302
6250	2303
3875	2304
2482	2305
9186	2306
5196	2307
4904	2308
1230	2309
5355	2310
8820	2311
9507	2312
8566	2313
9403	2314
3118	2315
379	2316
1937	2317
7943	2318
1438	2319
5363	2320
6489	2321
8806	2322
6257	2323
4066	2324
502	2325
1525	2326
7784	2327
5239	2328
2423	2329
6679	2330
1641	2331
4255	2332
6575	2333
6015	2334
8761	2335
6074	2336
7285	2337
7221	2338
8365	2339
9883	2340
2696	2341
4887	2342
3668	2343
6852	2344
8292	2345
8661	2346
7788	2347
2755	2348
3746	2349
5912	2350
2323	2351
1962	2352
7428	2353
4616	2354
2284	2355
1336	2356
4870	2357
6934	2358
4522	2359
4082	2360
1170	2361
9550	2362
9522	2363
9039	2364
6006	2365
5313	2366
564	2367
9217	2368
9332	2369
3770	2370
7585	2371
3272	2372
2782	2373
1485	2374
8648	2375
2131	2376
1628	2377
7517	2378
4597	2379
5299	2380
6081	2381
5291	2382
1921	2383
1088	2384
5044	2385
6171	2386
2021	2387
9490	2388
1822	2389
5043	2390
6926	2391
437	2392
6100	2393
7147	2394
4059	2395
8582	2396
2749	2397
1545	2398
2377	2399
1019	2400
9334	2401
7826	2402
8621	2403
6056	2404
1990	2405
2341	2406
2771	2407
2854	2408
3748	2409
5279	2410
5335	2411
7425	2412
3100	2413
7100	2414
3420	2415
5601	2416
247	2417
7742	2418
2937	2419
3911	2420
8107	2421
5184	2422
7850	2423
3479	2424
4859	2425
2029	2426
9644	2427
2214	2428
2753	2429
8774	2430
8738	2431
1276	2432
1308	2433
6156	2434
7847	2435
9014	2436
5138	2437
9691	2438
2535	2439
2124	2440
4434	2441
8455	2442
6246	2443
5825	2444
7916	2445
4763	2446
5664	2447
2862	2448
7378	2449
9462	2450
2412	2451
8467	2452
8472	2453
9634	2454
3972	2455
4146	2456
2310	2457
2144	2458
4652	2459
8083	2460
4017	2461
4505	2462
9893	2463
7982	2464
7804	2465
1516	2466
5432	2467
2416	2468
1107	2469
9228	2470
5172	2471
377	2472
3147	2473
4657	2474
8089	2475
9430	2476
7443	2477
1	2478
4453	2479
6051	2480
701	2481
4199	2482
335	2483
6238	2484
3058	2485
72	2486
1969	2487
5365	2488
1102	2489
3544	2490
9182	2491
6	2492
596	2493
9518	2494
6437	2495
3752	2496
8027	2497
5187	2498
956	2499
7497	2500
3030	2501
1426	2502
2650	2503
7045	2504
1867	2505
8593	2506
7843	2507
9496	2508
6231	2509
9491	2510
4124	2511
2149	2512
95	2513
5370	2514
135	2515
9223	2516
6954	2517
3319	2518
5958	2519
35	2520
7841	2521
3490	2522
351	2523
1882	2524
6528	2525
8483	2526
3624	2527
2106	2528
8033	2529
8277	2530
6678	2531
7836	2532
5049	2533
7971	2534
6841	2535
8055	2536
1849	2537
9265	2538
9521	2539
7519	2540
9107	2541
26	2542
1839	2543
6623	2544
7786	2545
9815	2546
6636	2547
7376	2548
9755	2549
6743	2550
7533	2551
1987	2552
9581	2553
5089	2554
1234	2555
80	2556
3966	2557
6136	2558
1179	2559
198	2560
192	2561
9604	2562
8786	2563
5018	2564
7670	2565
3798	2566
2508	2567
9443	2568
8800	2569
1635	2570
2039	2571
1166	2572
8355	2573
8944	2574
3518	2575
1419	2576
4315	2577
4917	2578
5563	2579
2543	2580
4570	2581
2703	2582
7125	2583
389	2584
3054	2585
882	2586
1196	2587
771	2588
7185	2589
6810	2590
2258	2591
2754	2592
5680	2593
8343	2594
2091	2595
7740	2596
6656	2597
6464	2598
2320	2599
6093	2600
6869	2601
819	2602
7894	2603
7567	2604
3556	2605
756	2606
7312	2607
4547	2608
3135	2609
2897	2610
694	2611
3785	2612
7351	2613
6624	2614
1729	2615
7506	2616
1904	2617
6221	2618
1938	2619
4908	2620
6176	2621
7248	2622
1971	2623
8153	2624
3963	2625
3020	2626
6962	2627
5636	2628
1617	2629
3341	2630
4672	2631
2083	2632
2089	2633
7145	2634
3141	2635
3435	2636
1030	2637
3283	2638
8847	2639
5021	2640
8404	2641
4301	2642
5178	2643
6888	2644
8602	2645
2134	2646
6644	2647
8975	2648
3203	2649
5913	2650
4224	2651
3531	2652
8498	2653
2335	2654
3033	2655
4330	2656
1105	2657
3679	2658
6440	2659
8611	2660
2948	2661
3462	2662
5229	2663
2023	2664
9508	2665
4158	2666
5114	2667
338	2668
3696	2669
8310	2670
2701	2671
7026	2672
6088	2673
7928	2674
2486	2675
1901	2676
3301	2677
9048	2678
6897	2679
1466	2680
602	2681
7616	2682
793	2683
4449	2684
4943	2685
2768	2686
2438	2687
3297	2688
3614	2689
7365	2690
4750	2691
1992	2692
5820	2693
7368	2694
2744	2695
9791	2696
3825	2697
3988	2698
7487	2699
2727	2700
5478	2701
6659	2702
1571	2703
7619	2704
615	2705
8599	2706
8941	2707
666	2708
1939	2709
6429	2710
9594	2711
1886	2712
7852	2713
6735	2714
5548	2715
4248	2716
5494	2717
4003	2718
8305	2719
1593	2720
4710	2721
4132	2722
5228	2723
7178	2724
3133	2725
4056	2726
4366	2727
3905	2728
6976	2729
630	2730
6703	2731
769	2732
9237	2733
4964	2734
1727	2735
1933	2736
4247	2737
9915	2738
2691	2739
5315	2740
9563	2741
9068	2742
6614	2743
4827	2744
7451	2745
8332	2746
24	2747
3154	2748
3299	2749
5167	2750
5651	2751
7327	2752
143	2753
8858	2754
1585	2755
5807	2756
5308	2757
4911	2758
3832	2759
4950	2760
5302	2761
1509	2762
8823	2763
2719	2764
5195	2765
8829	2766
5832	2767
3969	2768
3192	2769
4332	2770
4923	2771
3370	2772
6978	2773
2970	2774
4392	2775
6122	2776
4785	2777
2995	2778
3411	2779
3977	2780
7596	2781
2926	2782
2122	2783
9712	2784
3437	2785
9901	2786
2430	2787
1899	2788
3266	2789
2170	2790
4892	2791
7577	2792
9238	2793
7493	2794
6111	2795
9033	2796
2795	2797
5031	2798
5062	2799
9360	2800
7287	2801
5399	2802
8897	2803
2986	2804
9875	2805
9369	2806
7091	2807
7380	2808
7746	2809
2616	2810
9759	2811
1363	2812
3559	2813
8968	2814
8575	2815
6535	2816
6552	2817
9705	2818
2388	2819
151	2820
4927	2821
5523	2822
8017	2823
130	2824
9740	2825
8438	2826
3659	2827
6317	2828
915	2829
646	2830
4361	2831
5173	2832
2910	2833
5258	2834
6910	2835
4557	2836
9554	2837
6134	2838
2127	2839
3504	2840
4027	2841
7893	2842
2056	2843
579	2844
2547	2845
8385	2846
1565	2847
9483	2848
104	2849
5932	2850
6772	2851
4992	2852
4531	2853
8813	2854
2823	2855
3353	2856
4394	2857
8213	2858
7253	2859
4	2860
8464	2861
8426	2862
4240	2863
787	2864
2581	2865
3187	2866
7274	2867
9065	2868
7234	2869
2677	2870
8388	2871
4256	2872
8512	2873
274	2874
754	2875
7163	2876
5103	2877
9410	2878
148	2879
780	2880
3094	2881
2780	2882
7342	2883
6251	2884
369	2885
4755	2886
6204	2887
2358	2888
9643	2889
8967	2890
6354	2891
3990	2892
2598	2893
6901	2894
2296	2895
2923	2896
2249	2897
103	2898
4090	2899
6896	2900
5045	2901
5322	2902
5844	2903
4707	2904
4902	2905
9292	2906
1412	2907
230	2908
240	2909
8077	2910
5584	2911
84	2912
3510	2913
6915	2914
9909	2915
1157	2916
7003	2917
2877	2918
6054	2919
7813	2920
5385	2921
6289	2922
1216	2923
4799	2924
9458	2925
8787	2926
5461	2927
7832	2928
1325	2929
2025	2930
2537	2931
2333	2932
722	2933
7529	2934
8170	2935
9597	2936
57	2937
4979	2938
2436	2939
5604	2940
1106	2941
8060	2942
2491	2943
6746	2944
5186	2945
1677	2946
3923	2947
4796	2948
4568	2949
6626	2950
1165	2951
2085	2952
2308	2953
2155	2954
2275	2955
7998	2956
9801	2957
8476	2958
2094	2959
5833	2960
7057	2961
6277	2962
3519	2963
8118	2964
3914	2965
3452	2966
6040	2967
4439	2968
470	2969
9367	2970
571	2971
1123	2972
8366	2973
7820	2974
8722	2975
71	2976
6974	2977
8842	2978
6324	2979
4723	2980
8546	2981
6864	2982
7851	2983
9137	2984
3248	2985
5063	2986
3393	2987
5629	2988
7127	2989
9899	2990
2293	2991
8530	2992
9530	2993
5182	2994
3254	2995
3753	2996
3242	2997
1090	2998
8105	2999
2414	3000
2097	3001
3745	3002
6350	3003
5475	3004
7683	3005
640	3006
3582	3007
7440	3008
2925	3009
6963	3010
523	3011
5210	3012
5208	3013
1358	3014
7044	3015
2493	3016
8298	3017
7434	3018
5245	3019
3505	3020
1908	3021
2743	3022
6775	3023
1393	3024
6219	3025
9697	3026
9178	3027
2668	3028
7717	3029
7659	3030
5850	3031
8047	3032
2477	3033
5101	3034
7288	3035
3357	3036
1843	3037
2374	3038
9498	3039
6110	3040
609	3041
1142	3042
4860	3043
5384	3044
1744	3045
2008	3046
8074	3047
8856	3048
4493	3049
2402	3050
6781	3051
3595	3052
5163	3053
1865	3054
7954	3055
7477	3056
396	3057
67	3058
6463	3059
8057	3060
1041	3061
2141	3062
5168	3063
3180	3064
174	3065
4811	3066
5169	3067
4666	3068
9548	3069
2400	3070
5095	3071
2415	3072
8276	3073
5391	3074
6590	3075
2978	3076
8552	3077
3286	3078
2030	3079
2202	3080
7812	3081
1828	3082
8785	3083
2758	3084
9636	3085
6355	3086
7194	3087
5081	3088
7704	3089
7438	3090
3112	3091
8252	3092
933	3093
5606	3094
9257	3095
9263	3096
2545	3097
2932	3098
1518	3099
3412	3100
5079	3101
746	3102
2424	3103
7876	3104
403	3105
4312	3106
4627	3107
3844	3108
5194	3109
8865	3110
2655	3111
8836	3112
6260	3113
8293	3114
4915	3115
347	3116
5738	3117
7319	3118
186	3119
3478	3120
2848	3121
1947	3122
7344	3123
83	3124
9030	3125
9380	3126
2272	3127
2720	3128
2761	3129
8779	3130
3650	3131
7692	3132
6619	3133
4072	3134
7549	3135
9703	3136
1204	3137
9582	3138
7656	3139
15	3140
2132	3141
488	3142
2728	3143
618	3144
3321	3145
3245	3146
9824	3147
2372	3148
8579	3149
5917	3150
608	3151
8795	3152
1942	3153
6077	3154
7779	3155
2266	3156
3498	3157
7922	3158
4815	3159
245	3160
2401	3161
6291	3162
4	3163
5328	3164
3258	3165
9706	3166
4769	3167
7553	3168
4414	3169
215	3170
1425	3171
9438	3172
7275	3173
7085	3174
6802	3175
501	3176
8744	3177
5630	3178
1932	3179
6281	3180
1248	3181
7195	3182
9110	3183
353	3184
7576	3185
4972	3186
9067	3187
2294	3188
9538	3189
3951	3190
9627	3191
995	3192
3583	3193
9018	3194
5851	3195
8616	3196
5121	3197
5674	3198
9231	3199
5147	3200
3450	3201
1413	3202
2458	3203
7374	3204
302	3205
8899	3206
2551	3207
6780	3208
4679	3209
7207	3210
3817	3211
6272	3212
136	3213
1835	3214
3834	3215
4960	3216
2301	3217
6740	3218
9001	3219
7863	3220
6069	3221
7873	3222
767	3223
7505	3224
7889	3225
4212	3226
6183	3227
5204	3228
4601	3229
165	3230
4073	3231
5562	3232
3640	3233
4862	3234
8637	3235
2645	3236
3281	3237
4149	3238
1837	3239
6630	3240
638	3241
8044	3242
2736	3243
8867	3244
5980	3245
4942	3246
326	3247
415	3248
6782	3249
7088	3250
4230	3251
7878	3252
6650	3253
1013	3254
633	3255
4748	3256
5868	3257
5240	3258
3741	3259
6715	3260
204	3261
2212	3262
8026	3263
25	3264
9194	3265
4944	3266
6060	3267
9845	3268
8346	3269
8088	3270
8341	3271
458	3272
6635	3273
3720	3274
8921	3275
4988	3276
3480	3277
8410	3278
5817	3279
4671	3280
6162	3281
9848	3282
6285	3283
8625	3284
2663	3285
5626	3286
7382	3287
3883	3288
2387	3289
8773	3290
6876	3291
4412	3292
9868	3293
2444	3294
7299	3295
2715	3296
4503	3297
987	3298
1863	3299
2577	3300
525	3301
1169	3302
3993	3303
4045	3304
9101	3305
1887	3306
162	3307
3537	3308
3606	3309
22	3310
1609	3311
4426	3312
4650	3313
5598	3314
5038	3315
5078	3316
1071	3317
7801	3318
3119	3319
625	3320
8064	3321
8984	3322
7530	3323
777	3324
1733	3325
5300	3326
8980	3327
7042	3328
8633	3329
2044	3330
6911	3331
28	3332
5511	3333
2804	3334
601	3335
1263	3336
7086	3337
1590	3338
40	3339
7331	3340
6718	3341
4686	3342
5109	3343
9233	3344
7395	3345
1247	3346
6741	3347
6316	3348
8009	3349
963	3350
3588	3351
7861	3352
9070	3353
6341	3354
5907	3355
5311	3356
5227	3357
4043	3358
4913	3359
8719	3360
5334	3361
8824	3362
5033	3363
9029	3364
3015	3365
2865	3366
8152	3367
5272	3368
4823	3369
9302	3370
7111	3371
2108	3372
5309	3373
9659	3374
1043	3375
5479	3376
8229	3377
6831	3378
1785	3379
2420	3380
3766	3381
3110	3382
938	3383
5543	3384
1780	3385
3981	3386
8601	3387
3991	3388
3328	3389
7166	3390
6475	3391
9626	3392
2909	3393
5935	3394
8189	3395
4935	3396
2203	3397
8772	3398
662	3399
4499	3400
4781	3401
4720	3402
3433	3403
8630	3404
5757	3405
4745	3406
8354	3407
1845	3408
7386	3409
4304	3410
5525	3411
7594	3412
1503	3413
5620	3414
9209	3415
8537	3416
50	3417
3735	3418
9683	3419
9156	3420
1603	3421
9690	3422
99	3423
2219	3424
8369	3425
9601	3426
7295	3427
3236	3428
1643	3429
3751	3430
5136	3431
2959	3432
1181	3433
4157	3434
39	3435
6795	3436
6645	3437
3443	3438
8987	3439
9241	3440
6472	3441
7483	3442
9465	3443
1826	3444
8396	3445
5072	3446
6436	3447
9015	3448
7720	3449
2297	3450
9293	3451
3422	3452
7282	3453
5055	3454
3562	3455
8667	3456
5530	3457
6942	3458
7661	3459
3557	3460
8384	3461
6771	3462
9572	3463
254	3464
383	3465
7849	3466
2874	3467
7799	3468
3050	3469
3940	3470
8302	3471
5248	3472
9078	3473
9389	3474
7018	3475
9424	3476
8883	3477
1015	3478
2448	3479
4762	3480
191	3481
4996	3482
4978	3483
7328	3484
9227	3485
4783	3486
3239	3487
6471	3488
7677	3489
6702	3490
4196	3491
3204	3492
3215	3493
8991	3494
2180	3495
5809	3496
3690	3497
2561	3498
7405	3499
5770	3500
4583	3501
2282	3502
9556	3503
5560	3504
1806	3505
8136	3506
8940	3507
431	3508
3006	3509
9792	3510
1730	3511
866	3512
7768	3513
1449	3514
6315	3515
3732	3516
2762	3517
4520	3518
9866	3519
8560	3520
5341	3521
4881	3522
1660	3523
5157	3524
8818	3525
7900	3526
8160	3527
4719	3528
5874	3529
6406	3530
1946	3531
391	3532
505	3533
9534	3534
6062	3535
4665	3536
1202	3537
9662	3538
5464	3539
9340	3540
4959	3541
9275	3542
1769	3543
4593	3544
4699	3545
7032	3546
677	3547
9657	3548
869	3549
4704	3550
8412	3551
7503	3552
8195	3553
1736	3554
3109	3555
110	3556
2915	3557
1128	3558
9304	3559
3868	3560
9592	3561
8531	3562
4659	3563
5234	3564
1147	3565
7408	3566
2175	3567
7835	3568
6399	3569
7377	3570
4222	3571
9862	3572
8280	3573
7024	3574
3729	3575
5409	3576
3929	3577
7072	3578
2140	3579
2922	3580
4024	3581
7972	3582
299	3583
7729	3584
7289	3585
3647	3586
5501	3587
685	3588
4530	3589
3002	3590
322	3591
4613	3592
157	3593
3676	3594
3819	3595
2136	3596
2564	3597
6837	3598
4667	3599
6924	3600
220	3601
6144	3602
1380	3603
5735	3604
2579	3605
2233	3606
1787	3607
7929	3608
1284	3609
8494	3610
2582	3611
8465	3612
2145	3613
2532	3614
122	3615
6460	3616
1559	3617
167	3618
8391	3619
466	3620
8517	3621
3971	3622
5709	3623
6325	3624
4539	3625
4223	3626
6989	3627
8561	3628
4847	3629
5906	3630
9492	3631
7137	3632
1621	3633
5536	3634
3053	3635
2232	3636
4929	3637
2326	3638
2822	3639
1250	3640
1305	3641
3317	3642
9677	3643
3930	3644
8143	3645
345	3646
8695	3647
4668	3648
5721	3649
5465	3650
1791	3651
6234	3652
8710	3653
8379	3654
4267	3655
6103	3656
3529	3657
5347	3658
1233	3659
5760	3660
5559	3661
6379	3662
2873	3663
3645	3664
4858	3665
1903	3666
3684	3667
9843	3668
3255	3669
9790	3670
1685	3671
197	3672
5642	3673
6613	3674
9793	3675
8771	3676
7696	3677
4713	3678
691	3679
5967	3680
598	3681
487	3682
2578	3683
5473	3684
226	3685
898	3686
3028	3687
6175	3688
9737	3689
6028	3690
4977	3691
4511	3692
8214	3693
7542	3694
2858	3695
8110	3696
9095	3697
3962	3698
1746	3699
8183	3700
1458	3701
6366	3702
7256	3703
6764	3704
8909	3705
7399	3706
5632	3707
9622	3708
9652	3709
3183	3710
9151	3711
2480	3712
5312	3713
34	3714
4341	3715
1747	3716
4197	3717
1365	3718
1219	3719
9298	3720
3080	3721
9905	3722
2718	3723
9061	3724
3585	3725
5996	3726
5290	3727
314	3728
8481	3729
2680	3730
60	3731
6433	3732
762	3733
6938	3734
5468	3735
8999	3736
7229	3737
4661	3738
21	3739
3107	3740
9013	3741
8210	3742
2918	3743
3576	3744
9569	3745
7015	3746
6385	3747
5319	3748
5789	3749
5433	3750
3423	3751
4405	3752
9253	3753
3669	3754
152	3755
7402	3756
144	3757
3097	3758
1182	3759
2903	3760
13	3761
2539	3762
2977	3763
5364	3764
4167	3765
867	3766
4122	3767
2161	3768
6857	3769
2497	3770
6034	3771
622	3772
3315	3773
1608	3774
6865	3775
6216	3776
8128	3777
3587	3778
287	3779
9411	3780
3294	3781
2502	3782
1389	3783
3580	3784
3276	3785
6364	3786
1286	3787
6719	3788
3451	3789
2043	3790
448	3791
1535	3792
1293	3793
2968	3794
7006	3795
627	3796
736	3797
7019	3798
7853	3799
2920	3800
7339	3801
9852	3802
3300	3803
8364	3804
8955	3805
3137	3806
8269	3807
1841	3808
4693	3809
4878	3810
225	3811
4184	3812
6806	3813
4523	3814
9861	3815
4864	3816
9661	3817
3973	3818
6481	3819
1534	3820
512	3821
3803	3822
6985	3823
9467	3824
4737	3825
462	3826
2765	3827
3308	3828
9131	3829
7372	3830
8885	3831
2894	3832
4166	3833
4889	3834
1529	3835
4711	3836
823	3837
2356	3838
5841	3839
2451	3840
9640	3841
4298	3842
3287	3843
3108	3844
1078	3845
7211	3846
4260	3847
4065	3848
2900	3849
4382	3850
796	3851
9753	3852
5263	3853
2964	3854
2035	3855
3400	3856
4801	3857
7379	3858
8916	3859
477	3860
9052	3861
5116	3862
8526	3863
6206	3864
876	3865
3124	3866
7252	3867
5532	3868
2386	3869
54	3870
62	3871
5356	3872
7118	3873
913	3874
8134	3875
7355	3876
6750	3877
7273	3878
4227	3879
1228	3880
7796	3881
9375	3882
4057	3883
9129	3884
6114	3885
7686	3886
1194	3887
4423	3888
9610	3889
6302	3890
163	3891
2031	3892
1892	3893
590	3894
1862	3895
6774	3896
4404	3897
5142	3898
342	3899
5396	3900
2521	3901
6318	3902
3292	3903
6615	3904
883	3905
1672	3906
3558	3907
8	3908
7384	3909
5517	3910
1686	3911
821	3912
9532	3913
8460	3914
1035	3915
9421	3916
1639	3917
6565	3918
9902	3919
410	3920
5354	3921
6445	3922
7840	3923
1193	3924
7520	3925
9347	3926
1481	3927
3635	3928
7695	3929
5564	3930
8949	3931
1978	3932
8053	3933
6330	3934
8274	3935
8443	3936
5073	3937
329	3938
6881	3939
2856	3940
7700	3941
9252	3942
5273	3943
18	3944
2215	3945
4637	3946
3446	3947
5702	3948
6165	3949
3532	3950
3500	3951
3799	3952
8392	3953
2784	3954
9798	3955
3072	3956
317	3957
9130	3958
4952	3959
2629	3960
6851	3961
2229	3962
6561	3963
8450	3964
3489	3965
3517	3966
36	3967
8348	3968
2450	3969
3031	3970
6600	3971
4046	3972
7414	3973
3404	3974
906	3975
7919	3976
3709	3977
6690	3978
439	3979
1646	3980
8243	3981
4736	3982
4966	3983
45	3984
4249	3985
4091	3986
4478	3987
7316	3988
970	3989
3639	3990
9879	3991
5256	3992
4246	3993
9132	3994
7110	3995
4370	3996
5899	3997
4932	3998
4303	3999
3724	4000
1249	4001
4193	4002
6835	4003
6581	4004
8203	4005
3261	4006
7783	4007
2686	4008
2689	4009
557	4010
5777	4011
58	4012
1324	4013
8572	4014
1262	4015
9243	4016
5434	4017
7225	4018
6199	4019
3263	4020
4271	4021
7635	4022
9833	4023
2332	4024
9672	4025
9417	4026
5500	4027
1184	4028
9436	4029
6124	4030
5531	4031
9161	4032
8709	4033
6024	4034
172	4035
4773	4036
2371	4037
2417	4038
2887	4039
4061	4040
3307	4041
9051	4042
7277	4043
2330	4044
5502	4045
1346	4046
3691	4047
5881	4048
7512	4049
5166	4050
5165	4051
6541	4052
612	4053
6106	4054
9031	4055
4162	4056
8707	4057
1357	4058
9111	4059
9	4060
888	4061
4343	4062
2014	4063
9574	4064
7062	4065
2708	4066
5453	4067
8962	4068
9284	4069
5086	4070
6815	4071
4411	4072
5139	4073
8643	4074
1295	4075
6673	4076
6776	4077
3048	4078
8571	4079
1675	4080
1724	4081
295	4082
331	4083
7817	4084
3891	4085
3201	4086
1611	4087
5863	4088
4877	4089
3688	4090
4023	4091
8935	4092
9786	4093
4407	4094
8387	4095
282	4096
7858	4097
5203	4098
9100	4099
5451	4100
4021	4101
9733	4102
3631	4103
1742	4104
652	4105
3394	4106
4936	4107
6462	4108
5856	4109
6657	4110
42	4111
3008	4112
2604	4113
1027	4114
257	4115
9867	4116
2907	4117
9208	4118
1026	4119
5692	4120
5602	4121
1789	4122
8965	4123
6055	4124
4839	4125
7115	4126
4053	4127
5628	4128
6345	4129
9894	4130
6820	4131
4060	4132
2176	4133
607	4134
1599	4135
2674	4136
7202	4137
2789	4138
5596	4139
1450	4140
2760	4141
4651	4142
7875	4143
7544	4144
9149	4145
9296	4146
6473	4147
1256	4148
6083	4149
1634	4150
4079	4151
5634	4152
2530	4153
1934	4154
2257	4155
2815	4156
1832	4157
2734	4158
7680	4159
6490	4160
6570	4161
8660	4162
2148	4163
6686	4164
7595	4165
2006	4166
5452	4167
1420	4168
1953	4169
5412	4170
3939	4171
2	4172
5587	4173
6236	4174
7995	4175
4768	4176
9434	4177
262	4178
5537	4179
1456	4180
8131	4181
8594	4182
5005	4183
1445	4184
2319	4185
3142	4186
1616	4187
1278	4188
5572	4189
6546	4190
4395	4191
451	4192
8474	4193
1647	4194
4567	4195
4535	4196
4624	4197
397	4198
7977	4199
5512	4200
7420	4201
3998	4202
5457	4203
2833	4204
6925	4205
2670	4206
3854	4207
5131	4208
7430	4209
8339	4210
5683	4211
5570	4212
2328	4213
3325	4214
4930	4215
5783	4216
7588	4217
1923	4218
6936	4219
4309	4220
668	4221
4510	4222
4538	4223
5170	4224
6787	4225
1224	4226
8156	4227
7825	4228
4147	4229
6873	4230
657	4231
4483	4232
2033	4233
6833	4234
4410	4235
3731	4236
5176	4237
4165	4238
4868	4239
8568	4240
1728	4241
4542	4242
935	4243
8184	4244
8062	4245
9336	4246
2993	4247
2512	4248
9075	4249
853	4250
8405	4251
5933	4252
9315	4253
2418	4254
7025	4255
4905	4256
6639	4257
246	4258
9602	4259
3379	4260
1391	4261
2843	4262
3169	4263
870	4264
5923	4265
2157	4266
6287	4267
2375	4268
4293	4269
7569	4270
3055	4271
5158	4272
2991	4273
362	4274
8255	4275
7119	4276
2665	4277
343	4278
7447	4279
6591	4280
8519	4281
9858	4282
8409	4283
8663	4284
7433	4285
6476	4286
8650	4287
4047	4288
8542	4289
9495	4290
3345	4291
567	4292
9817	4293
4800	4294
2737	4295
5056	4296
2449	4297
333	4298
845	4299
1659	4300
1447	4301
8963	4302
3997	4303
1688	4304
7564	4305
7641	4306
7837	4307
8206	4308
9800	4309
9772	4310
3250	4311
2524	4312
3253	4313
1497	4314
2455	4315
7419	4316
4951	4317
9393	4318
4113	4319
3125	4320
3957	4321
5075	4322
1268	4323
8226	4324
5745	4325
2391	4326
8554	4327
1047	4328
8981	4329
1552	4330
3312	4331
3230	4332
6384	4333
441	4334
5984	4335
6392	4336
1702	4337
9561	4338
1777	4339
9578	4340
8904	4341
8846	4342
3175	4343
6019	4344
759	4345
8127	4346
3377	4347
3643	4348
1784	4349
8918	4350
6213	4351
6959	4352
8058	4353
7526	4354
5244	4355
142	4356
8161	4357
7883	4358
967	4359
263	4360
6254	4361
7152	4362
8953	4363
7040	4364
1180	4365
2980	4366
2069	4367
5306	4368
9719	4369
4288	4370
1479	4371
3899	4372
4987	4373
1098	4374
2345	4375
7758	4376
7709	4377
1801	4378
7868	4379
2105	4380
4516	4381
8514	4382
3091	4383
521	4384
4931	4385
2606	4386
1540	4387
1133	4388
5418	4389
5641	4390
4622	4391
5034	4392
8056	4393
7679	4394
1964	4395
5756	4396
8422	4397
6163	4398
595	4399
7116	4400
6351	4401
407	4402
4766	4403
3802	4404
2796	4405
7676	4406
5	4407
544	4408
4127	4409
9446	4410
3617	4411
399	4412
4993	4413
9568	4414
4907	4415
32	4416
4546	4417
9288	4418
9588	4419
9166	4420
4338	4421
7047	4422
1848	4423
9673	4424
3657	4425
8990	4426
4701	4427
96	4428
6542	4429
6859	4430
4548	4431
4431	4432
7634	4433
8120	4434
3702	4435
3171	4436
9698	4437
2019	4438
6267	4439
6009	4440
5378	4441
4780	4442
5886	4443
4009	4444
5123	4445
6763	4446
8615	4447
8613	4448
1981	4449
30	4450
9658	4451
7791	4452
5732	4453
9162	4454
9368	4455
1150	4456
9916	4457
2026	4458
8945	4459
1454	4460
7978	4461
1700	4462
5811	4463
6599	4464
3566	4465
969	4466
6909	4467
4275	4468
3222	4469
9042	4470
4206	4471
5119	4472
206	4473
3632	4474
2191	4475
5423	4476
6446	4477
3185	4478
2475	4479
921	4480
6195	4481
4088	4482
1805	4483
795	4484
1152	4485
4220	4486
5699	4487
4290	4488
3313	4489
5061	4490
9425	4491
1914	4492
9112	4493
1446	4494
5097	4495
6983	4496
5220	4497
9524	4498
3840	4499
5028	4500
4675	4501
7949	4502
5042	4503
3389	4504
2733	4505
7805	4506
9638	4507
3334	4508
4480	4509
1226	4510
388	4511
9528	4512
8725	4513
539	4514
2327	4515
4830	4516
7097	4517
6148	4518
6666	4519
3509	4520
1251	4521
4099	4522
2546	4523
3835	4524
2841	4525
1292	4526
2252	4527
8848	4528
1473	4529
885	4530
77	4531
8372	4532
5305	4533
3561	4534
8159	4535
1491	4536
4010	4537
5012	4538
9501	4539
8958	4540
3116	4541
8471	4542
6534	4543
2318	4544
1624	4545
6327	4546
3563	4547
6107	4548
2778	4549
3275	4550
3945	4551
7174	4552
7014	4553
5481	4554
6883	4555
3958	4556
2174	4557
4111	4558
8126	4559
3289	4560
1354	4561
1231	4562
9301	4563
4629	4564
782	4565
8859	4566
8682	4567
5827	4568
5260	4569
7094	4570
9797	4571
6814	4572
8591	4573
4688	4574
4792	4575
9681	4576
2797	4577
1690	4578
5535	4579
2998	4580
3527	4581
3805	4582
2435	4583
6414	4584
7303	4585
3826	4586
8875	4587
4592	4588
3035	4589
2469	4590
2806	4591
8357	4592
5425	4593
6180	4594
9648	4595
4643	4596
1342	4597
1051	4598
3861	4599
5379	4600
3036	4601
829	4602
1315	4603
9803	4604
6616	4605
6858	4606
1137	4607
1757	4608
9037	4609
4853	4610
5838	4611
3095	4612
2544	4613
3757	4614
7304	4615
2802	4616
7920	4617
8676	4618
9041	4619
3698	4620
8217	4621
4281	4622
2395	4623
3143	4624
9324	4625
6184	4626
6620	4627
776	4628
7953	4629
8325	4630
8102	4631
3887	4632
2488	4633
464	4634
250	4635
6853	4636
4635	4637
3907	4638
9205	4639
3699	4640
1794	4641
6249	4642
5009	4643
5091	4644
755	4645
7254	4646
731	4647
9906	4648
8604	4649
743	4650
8165	4651
7241	4652
7693	4653
7914	4654
7455	4655
3711	4656
4373	4657
3941	4658
92	4659
64	4660
4177	4661
3811	4662
7566	4663
8870	4664
3223	4665
1094	4666
3257	4667
8316	4668
1930	4669
5330	4670
5842	4671
667	4672
8235	4673
7315	4674
6602	4675
2558	4676
2003	4677
2474	4678
7522	4679
509	4680
4100	4681
8635	4682
1941	4683
6491	4684
3117	4685
7069	4686
3755	4687
1811	4688
3485	4689
5247	4690
4169	4691
6633	4692
6819	4693
4630	4694
8701	4695
8437	4696
9732	4697
7561	4698
4814	4699
8742	4700
3127	4701
6011	4702
7239	4703
9053	4704
4152	4705
7684	4706
4018	4707
3824	4708
1361	4709
5397	4710
7538	4711
3009	4712
4491	4713
8041	4714
2928	4715
6598	4716
1827	4717
6178	4718
2863	4719
1807	4720
297	4721
180	4722
3530	4723
5064	4724
4181	4725
5441	4726
5090	4727
9215	4728
6660	4729
4402	4730
9617	4731
8874	4732
190	4733
8378	4734
9459	4735
5383	4736
1459	4737
5705	4738
3660	4739
4678	4740
9056	4741
6676	4742
7381	4743
7318	4744
4380	4745
7690	4746
2685	4747
3603	4748
298	4749
3654	4750
9686	4751
8267	4752
9713	4753
6347	4754
3077	4755
1662	4756
8261	4757
8862	4758
5947	4759
5918	4760
3348	4761
2399	4762
568	4763
611	4764
7821	4765
6188	4766
1439	4767
2975	4768
9473	4769
2699	4770
9821	4771
3042	4772
7421	4773
1406	4774
711	4775
1558	4776
6262	4777
6610	4778
1274	4779
4922	4780
3329	4781
4180	4782
6252	4783
4717	4784
2816	4785
5243	4786
4835	4787
7548	4788
7591	4789
8394	4790
5390	4791
900	4792
1350	4793
5946	4794
1737	4795
5561	4796
3074	4797
9370	4798
5896	4799
7294	4800
1613	4801
9394	4802
4191	4803
460	4804
4786	4805
4144	4806
4939	4807
2660	4808
497	4809
3878	4810
4051	4811
2224	4812
7604	4813
7237	4814
6177	4815
4401	4816
8792	4817
2347	4818
42	4819
6229	4820
1697	4821
7657	4822
9442	4823
3813	4824
8381	4825
1716	4826
2119	4827
1523	4828
4459	4829
7096	4830
1896	4831
1562	4832
9429	4833
5616	4834
5865	4835
5545	4836
4508	4837
47	4838
2879	4839
8574	4840
1898	4841
8495	4842
3320	4843
9812	4844
7778	4845
1926	4846
2565	4847
7159	4848
2225	4849
6638	4850
4982	4851
4454	4852
6467	4853
2845	4854
8694	4855
8417	4856
4957	4857
515	4858
4074	4859
2883	4860
6339	4861
6396	4862
9476	4863
6834	4864
9440	4865
9180	4866
3174	4867
5558	4868
3238	4869
5534	4870
203	4871
3342	4872
7862	4873
5337	4874
7393	4875
4379	4876
1329	4877
5017	4878
6340	4879
9723	4880
8434	4881
8173	4882
4507	4883
6397	4884
644	4885
6968	4886
4999	4887
2861	4888
6943	4889
5742	4890
9510	4891
7755	4892
7422	4893
2359	4894
7306	4895
8853	4896
6658	4897
8014	4898
59	4899
6142	4900
5621	4901
4154	4902
8754	4903
1880	4904
8188	4905
3172	4906
2940	4907
4797	4908
2242	4909
8440	4910
2121	4911
3986	4912
552	4913
7715	4914
7141	4915
1372	4916
742	4917
3163	4918
5831	4919
7698	4920
7467	4921
4834	4922
1076	4923
1564	4924
7886	4925
8342	4926
134	4927
9607	4928
5873	4929
5360	4930
9314	4931
4956	4932
7819	4933
8564	4934
9170	4935
7927	4936
8011	4937
5952	4938
5490	4939
1779	4940
9720	4941
6514	4942
1272	4943
7898	4944
5816	4945
6965	4946
5039	4947
9825	4948
242	4949
5722	4950
7665	4951
1186	4952
9060	4953
325	4954
9571	4955
6798	4956
4138	4957
791	4958
8430	4959
6744	4960
9731	4961
9384	4962
4689	4963
7065	4964
944	4965
9573	4966
4670	4967
6369	4968
8612	4969
8273	4970
4696	4971
827	4972
2013	4973
1117	4974
179	4975
8673	4976
1935	4977
2028	4978
5134	4979
5920	4980
7651	4981
1116	4982
2522	4983
2962	4984
8211	4985
937	4986
7403	4987
5071	4988
9062	4989
950	4990
261	4991
8863	4992
7469	4993
3017	4994
6597	4995
4581	4996
9589	4997
617	4998
8256	4999
8054	5000
3268	5001
7752	5002
7627	5003
4156	5004
9898	5005
6947	5006
7950	5007
3375	5008
418	5009
5765	5010
8051	5011
5152	5012
7587	5013
9159	5014
9344	5015
3476	5016
2259	5017
8408	5018
3372	5019
5301	5020
6809	5021
2896	5022
9654	5023
5472	5024
2859	5025
7545	5026
6898	5027
3314	5028
6836	5029
4306	5030
9091	5031
1416	5032
408	5033
5317	5034
9533	5035
9432	5036
1570	5037
3575	5038
6323	5039
2307	5040
9225	5041
8705	5042
672	5043
2651	5044
3332	5045
3546	5046
2276	5047
5443	5048
7041	5049
4487	5050
1461	5051
6886	5052
8782	5053
5233	5054
6890	5055
1533	5056
4442	5057
1799	5058
856	5059
4116	5060
8745	5061
6685	5062
1396	5063
1706	5064
8950	5065
5314	5066
5887	5067
8523	5068
6377	5069
4187	5070
3551	5071
2065	5072
7948	5073
6509	5074
9183	5075
4308	5076
7404	5077
3821	5078
8877	5079
9621	5080
1642	5081
9725	5082
6751	5083
8668	5084
4357	5085
341	5086
2638	5087
7739	5088
5898	5089
4385	5090
499	5091
7725	5092
9277	5093
3304	5094
3618	5095
6149	5096
5712	5097
556	5098
7571	5099
8954	5100
3034	5101
705	5102
4417	5103
5030	5104
9422	5105
9466	5106
8084	5107
406	5108
6571	5109
9650	5110
5400	5111
2566	5112
2311	5113
7266	5114
5415	5115
8048	5116
3655	5117
1430	5118
7204	5119
2600	5120
5112	5121
948	5122
4372	5123
8521	5124
4251	5125
9221	5126
710	5127
3846	5128
5730	5129
8111	5130
620	5131
1345	5132
4291	5133
3453	5134
3104	5135
9545	5136
2041	5137
2585	5138
7258	5139
4294	5140
768	5141
9207	5142
1344	5143
4481	5144
632	5145
6742	5146
3893	5147
670	5148
7313	5149
962	5150
2427	5151
2240	5152
2289	5153
3605	5154
7053	5155
812	5156
9120	5157
1021	5158
9274	5159
2742	5160
7004	5161
8097	5162
3581	5163
6455	5164
9185	5165
4456	5166
1130	5167
13	5168
928	5169
1245	5170
2216	5171
7017	5172
7516	5173
7823	5174
9493	5175
393	5176
7107	5177
6047	5178
5331	5179
7770	5180
2027	5181
4369	5182
5320	5183
4727	5184
5617	5185
3843	5186
9373	5187
6096	5188
1132	5189
8791	5190
4576	5191
7001	5192
4722	5193
2182	5194
9289	5195
738	5196
5823	5197
1528	5198
5839	5199
9513	5200
7431	5201
3538	5202
5888	5203
9586	5204
37	5205
6688	5206
7034	5207
7136	5208
1918	5209
3609	5210
528	5211
416	5212
4556	5213
9433	5214
7795	5215
5688	5216
6647	5217
5124	5218
8272	5219
9477	5220
7703	5221
4078	5222
9744	5223
537	5224
4734	5225
7750	5226
651	5227
1745	5228
2830	5229
7362	5230
5137	5231
3601	5232
1800	5233
4243	5234
4084	5235
4940	5236
3976	5237
3789	5238
5544	5239
7991	5240
6547	5241
7080	5242
6043	5243
2705	5244
7230	5245
3492	5246
4419	5247
2235	5248
4194	5249
9345	5250
9080	5251
9250	5252
8112	5253
551	5254
4083	5255
401	5256
8513	5257
6484	5258
9480	5259
5242	5260
5274	5261
7297	5262
5734	5263
8100	5264
1235	5265
8478	5266
2594	5267
5733	5268
1605	5269
6064	5270
7396	5271
6544	5272
8330	5273
1864	5274
2997	5275
5761	5276
688	5277
1771	5278
7607	5279
3800	5280
2086	5281
7904	5282
3199	5283
1567	5284
8067	5285
3367	5286
6073	5287
9904	5288
574	5289
5853	5290
4718	5291
7961	5292
805	5293
7932	5294
2825	5295
1208	5296
9667	5297
2868	5298
1705	5299
8717	5300
7103	5301
7565	5302
4333	5303
6222	5304
2425	5305
4378	5306
8541	5307
3818	5308
4973	5309
5156	5310
8198	5311
680	5312
3447	5313
9109	5314
832	5315
1055	5316
7999	5317
7028	5318
896	5319
2750	5320
6941	5321
3810	5322
8900	5323
5480	5324
6891	5325
7917	5326
5914	5327
994	5328
1764	5329
2713	5330
3184	5331
1062	5332
788	5333
9743	5334
5982	5335
2615	5336
2936	5337
7098	5338
8696	5339
2630	5340
4058	5341
6158	5342
5846	5343
5556	5344
6423	5345
8809	5346
808	5347
4408	5348
5276	5349
5026	5350
4746	5351
5102	5352
7534	5353
2730	5354
9426	5355
7993	5356
7448	5357
8239	5358
9613	5359
4038	5360
7329	5361
4186	5362
7009	5363
5930	5364
293	5365
4909	5366
7831	5367
861	5368
8861	5369
9738	5370
3765	5371
9312	5372
1265	5373
8389	5374
5861	5375
7073	5376
4216	5377
2648	5378
9540	5379
8562	5380
2382	5381
5059	5382
3663	5383
4893	5384
2942	5385
9404	5386
51	5387
1096	5388
925	5389
5022	5390
9348	5391
1496	5392
1630	5393
4798	5394
105	5395
9066	5396
874	5397
7580	5398
2721	5399
4112	5400
7535	5401
8185	5402
581	5403
2092	5404
4276	5405
6748	5406
334	5407
1765	5408
2622	5409
2633	5410
706	5411
8914	5412
893	5413
3722	5414
4633	5415
5814	5416
8790	5417
834	5418
9308	5419
9310	5420
2534	5421
7226	5422
7583	5423
546	5424
572	5425
2064	5426
7615	5427
3869	5428
3010	5429
699	5430
4063	5431
9777	5432
3197	5433
977	5434
5972	5435
8113	5436
6625	5437
8306	5438
6761	5439
8822	5440
916	5441
4070	5442
6525	5443
6533	5444
5424	5445
6367	5446
2468	5447
4015	5448
5250	5449
9794	5450
5122	5451
4919	5452
5278	5453
231	5454
3762	5455
6706	5456
6538	5457
1907	5458
7994	5459
9547	5460
2408	5461
1687	5462
1217	5463
8240	5464
7139	5465
1537	5466
5058	5467
141	5468
6120	5469
9516	5470
6642	5471
2193	5472
2040	5473
4476	5474
3459	5475
2173	5476
547	5477
5416	5478
8155	5479
1689	5480
3078	5481
9919	5482
5493	5483
1637	5484
1494	5485
9618	5486
1347	5487
716	5488
5591	5489
6981	5490
4925	5491
2844	5492
321	5493
3162	5494
3005	5495
6960	5496
1600	5497
3205	5498
9088	5499
7639	5500
1144	5501
2952	5502
446	5503
7581	5504
3634	5505
359	5506
8246	5507
9366	5508
9319	5509
6105	5510
2012	5511
8340	5512
4561	5513
459	5514
2826	5515
6070	5516
9395	5517
7446	5518
3839	5519
2265	5520
8174	5521
9309	5522
5780	5523
1840	5524
8762	5525
3697	5526
6123	5527
6956	5528
3358	5529
3247	5530
4150	5531
4012	5532
5295	5533
7892	5534
7108	5535
8573	5536
1499	5537
8095	5538
5571	5539
2495	5540
9212	5541
8036	5542
817	5543
656	5544
2710	5545
8082	5546
5813	5547
6648	5548
5999	5549
613	5550
1483	5551
40	5552
2421	5553
2286	5554
582	5555
205	5556
979	5557
6296	5558
978	5559
6521	5560
9416	5561
1714	5562
1092	5563
6415	5564
8642	5565
1664	5566
4767	5567
9787	5568
1016	5569
5280	5570
4612	5571
6653	5572
9763	5573
2614	5574
5197	5575
8879	5576
4161	5577
3068	5578
7528	5579
7728	5580
4259	5581
8759	5582
4068	5583
9351	5584
5037	5585
4837	5586
1379	5587
2612	5588
3153	5589
2511	5590
7452	5591
5471	5592
2350	5593
5154	5594
2621	5595
3944	5596
8939	5597
4828	5598
1125	5599
500	5600
2652	5601
256	5602
452	5603
3777	5604
9475	5605
1766	5606
2846	5607
919	5608
8840	5609
7903	5610
8715	5611
4233	5612
7466	5613
9463	5614
1270	5615
6032	5616
1692	5617
1082	5618
2434	5619
7134	5620
8175	5621
3934	5622
6868	5623
4318	5624
7707	5625
5326	5626
9760	5627
1526	5628
7881	5629
3047	5630
2274	5631
3607	5632
9382	5633
5589	5634
6059	5635
917	5636
4738	5637
6258	5638
7485	5639
8349	5640
9448	5641
5526	5642
9152	5643
8726	5644
851	5645
5251	5646
3098	5647
286	5648
249	5649
6225	5650
2357	5651
7201	5652
7084	5653
5297	5654
4897	5655
7191	5656
6240	5657
5810	5658
7759	5659
8735	5660
6927	5661
9271	5662
1054	5663
7877	5664
7325	5665
7939	5666
4435	5667
3340	5668
6523	5669
7773	5670
2849	5671
606	5672
4143	5673
534	5674
3415	5675
8509	5676
6065	5677
6504	5678
1341	5679
1407	5680
2431	5681
5902	5682
514	5683
9485	5684
8540	5685
6161	5686
1580	5687
2890	5688
1911	5689
9105	5690
4888	5691
273	5692
1583	5693
1819	5694
3970	5695
8724	5696
5676	5697
7989	5698
732	5699
3705	5700
7012	5701
3227	5702
9819	5703
8004	5704
10	5705
9135	5706
8164	5707
951	5708
550	5709
8193	5710
3979	5711
7854	5712
1183	5713
7694	5714
6674	5715
4832	5716
3882	5717
3176	5718
5751	5719
1259	5720
57	5721
9219	5722
4740	5723
9248	5724
9734	5725
4838	5726
66	5727
6551	5728
4087	5729
5748	5730
3896	5731
2385	5732
2107	5733
1963	5734
4544	5735
3599	5736
1371	5737
5808	5738
10	5739
1423	5740
9239	5741
7196	5742
1658	5743
5466	5744
4725	5745
6709	5746
468	5747
816	5748
9362	5749
9500	5750
6507	5751
60	5752
6885	5753
5997	5754
3853	5755
8706	5756
8765	5757
5546	5758
8294	5759
4451	5760
7345	5761
799	5762
7245	5763
8873	5764
5942	5765
5743	5766
2935	5767
1045	5768
3346	5769
9611	5770
6675	5771
2260	5772
7678	5773
3161	5774
7158	5775
8169	5776
719	5777
2669	5778
1519	5779
9006	5780
6420	5781
4424	5782
2254	5783
208	5784
4765	5785
2049	5786
7332	5787
5726	5788
94	5789
111	5790
372	5791
6202	5792
1814	5793
9591	5794
52	5795
2700	5796
54	5797
3579	5798
5185	5799
7495	5800
9419	5801
9707	5802
1120	5803
7417	5804
3070	5805
1720	5806
4211	5807
7626	5808
8677	5809
4504	5810
9895	5811
4534	5812
6365	5813
6154	5814
2827	5815
6449	5816
5298	5817
7899	5818
3653	5819
6412	5820
7776	5821
4879	5822
7210	5823
8289	5824
541	5825
9450	5826
8913	5827
5619	5828
6133	5829
6894	5830
2452	5831
4946	5832
8335	5833
1355	5834
5924	5835
4604	5836
344	5837
9412	5838
2461	5839
9584	5840
6474	5841
5082	5842
3671	5843
7602	5844
4898	5845
588	5846
7490	5847
4880	5848
531	5849
1297	5850
1853	5851
2324	5852
3652	5853
8451	5854
7238	5855
3079	5856
7104	5857
6515	5858
3912	5859
772	5860
309	5861
6537	5862
6499	5863
5928	5864
7038	5865
562	5866
5758	5867
5016	5868
196	5869
5324	5870
3651	5871
4389	5872
8043	5873
8901	5874
1949	5875
4292	5876
9910	5877
1768	5878
310	5879
3413	5880
7672	5881
2130	5882
4155	5883
1725	5884
986	5885
7305	5886
8108	5887
3975	5888
5956	5889
3761	5890
3363	5891
3271	5892
4873	5893
7356	5894
7046	5895
4205	5896
2426	5897
5497	5898
9742	5899
3401	5900
6375	5901
4368	5902
1163	5903
7350	5904
4673	5905
9397	5906
8015	5907
6611	5908
2969	5909
9004	5910
1574	5911
998	5912
9727	5913
8150	5914
5624	5915
7612	5916
1255	5917
1619	5918
6174	5919
9059	5920
8649	5921
2048	5922
8927	5923
4729	5924
354	5925
494	5926
4254	5927
8225	5928
3461	5929
8812	5930
6730	5931
4384	5932
5421	5933
2489	5934
794	5935
7039	5936
5007	5937
8291	5938
5592	5939
7981	5940
1053	5941
1750	5942
2732	5943
3859	5944
7834	5945
7833	5946
27	5947
1390	5948
955	5949
835	5950
5316	5951
4052	5952
5270	5953
1306	5954
4129	5955
2118	5956
3165	5957
5985	5958
8942	5959
5613	5960
4277	5961
8600	5962
5307	5963
1109	5964
3989	5965
9290	5966
2177	5967
3897	5968
6391	5969
1472	5970
8023	5971
4371	5972
9811	5973
7611	5974
6346	5975
9198	5976
2393	5977
5804	5978
375	5979
5815	5980
2702	5981
3482	5982
790	5983
1084	5984
5381	5985
2569	5986
5266	5987
8493	5988
2070	5989
9136	5990
3115	5991
6485	5992
2270	5993
8087	5994
1490	5995
6013	5996
8098	5997
9115	5998
726	5999
4285	6000
661	6001
9423	6002
3865	6003
5294	6004
9256	6005
1610	6006
589	6007
6516	6008
1985	6009
9804	6010
4299	6011
7523	6012
6784	6013
8407	6014
4820	6015
6424	6016
6304	6017
7605	6018
1842	6019
7531	6020
4006	6021
5467	6022
5957	6023
365	6024
4953	6025
7721	6026
1804	6027
5665	6028
358	6029
3750	6030
5348	6031
5762	6032
9245	6033
1968	6034
6695	6035
7392	6036
8377	6037
2139	6038
7931	6039
6211	6040
8617	6041
1462	6042
9322	6043
6801	6044
7011	6045
1101	6046
5376	6047
8469	6048
330	6049
5032	6050
1775	6051
5267	6052
1044	6053
9873	6054
1960	6055
8672	6056
9096	6057
3213	6058
5867	6059
9139	6060
9762	6061
1178	6062
1188	6063
2818	6064
8931	6065
9420	6066
3374	6067
2160	6068
6217	6069
4753	6070
4420	6071
7257	6072
3704	6073
2247	6074
3733	6075
6269	6076
320	6077
7941	6078
3114	6079
8063	6080
9118	6081
1721	6082
12	6083
1290	6084
5024	6085
2441	6086
218	6087
2634	6088
9240	6089
3833	6090
4472	6091
1550	6092
6543	6093
7675	6094
2528	6095
8414	6096
8416	6097
2095	6098
1678	6099
9647	6100
8976	6101
7242	6102
6137	6103
2775	6104
1563	6105
4238	6106
8503	6107
1931	6108
281	6109
7472	6110
4092	6111
7309	6112
1915	6113
5962	6114
8628	6115
6311	6116
4876	6117
9685	6118
9049	6119
2973	6120
1847	6121
9045	6122
4473	6123
9854	6124
150	6125
4474	6126
6900	6127
3662	6128
4554	6129
7149	6130
392	6131
4280	6132
8884	6133
6979	6134
6689	6135
5015	6136
2597	6137
9141	6138
9197	6139
6595	6140
1388	6141
5675	6142
4350	6143
6044	6144
3554	6145
7965	6146
4849	6147
3455	6148
5367	6149
7369	6150
7882	6151
3049	6152
6845	6153
2692	6154
4685	6155
8133	6156
3960	6157
624	6158
6760	6159
70	6160
1239	6161
2642	6162
381	6163
1860	6164
1237	6165
3520	6166
5857	6167
313	6168
1681	6169
7441	6170
2476	6171
5524	6172
6919	6173
8584	6174
8079	6175
1467	6176
8068	6177
5781	6178
9635	6179
3695	6180
8212	6181
3620	6182
2554	6183
2181	6184
6381	6185
3466	6186
318	6187
7504	6188
2052	6189
7509	6190
433	6191
9504	6192
98	6193
9204	6194
6469	6195
7290	6196
2588	6197
3280	6198
4093	6199
4869	6200
8898	6201
585	6202
4895	6203
5778	6204
6425	6205
5603	6206
5387	6207
4348	6208
7092	6209
2682	6210
6606	6211
8141	6212
4514	6213
4234	6214
6627	6215
6975	6216
4656	6217
484	6218
4214	6219
8470	6220
5040	6221
2409	6222
3633	6223
7631	6224
5639	6225
2717	6226
1631	6227
7767	6228
1087	6229
9300	6230
2437	6231
6596	6232
2886	6233
3644	6234
7887	6235
9073	6236
952	6237
374	6238
864	6239
6731	6240
2113	6241
4403	6242
5852	6243
5001	6244
940	6245
7685	6246
8581	6247
7066	6248
6622	6249
8622	6250
927	6251
9708	6252
2084	6253
2090	6254
1704	6255
5635	6256
6407	6257
9202	6258
2981	6259
4461	6260
8553	6261
6704	6262
591	6263
878	6264
1070	6265
9736	6266
6079	6267
5698	6268
8030	6269
9478	6270
7601	6271
9606	6272
9555	6273
5577	6274
9213	6275
2152	6276
8000	6277
4200	6278
5259	6279
9903	6280
3577	6281
4843	6282
7198	6283
7475	6284
2199	6285
7470	6286
7190	6287
8959	6288
3196	6289
5528	6290
4284	6291
8932	6292
1808	6293
4674	6294
7400	6295
4524	6296
1475	6297
5575	6298
2510	6299
2163	6300
7340	6301
8614	6302
8222	6303
6378	6304
2837	6305
2305	6306
5483	6307
6807	6308
700	6309
6902	6310
8741	6311
5336	6312
7456	6313
2735	6314
132	6315
4399	6316
8230	6317
2813	6318
1905	6319
9267	6320
5835	6321
7307	6322
6310	6323
3968	6324
8228	6325
1014	6326
1708	6327
2504	6328
9546	6329
5936	6330
6826	6331
8915	6332
4062	6333
2189	6334
3885	6335
3514	6336
8780	6337
2302	6338
4621	6339
5257	6340
1432	6341
911	6342
8021	6343
7606	6344
426	6345
7109	6346
7413	6347
6049	6348
9327	6349
5860	6350
2602	6351
7856	6352
3553	6353
1695	6354
3884	6355
8522	6356
3344	6357
2304	6358
9612	6359
5875	6360
2079	6361
8888	6362
1020	6363
6487	6364
8655	6365
2151	6366
234	6367
6190	6368
3056	6369
9668	6370
3604	6371
8855	6372
9036	6373
4961	6374
6087	6375
1282	6376
3274	6377
4393	6378
6192	6379
3760	6380
7335	6381
2944	6382
503	6383
4253	6384
8783	6385
6255	6386
5983	6387
889	6388
1761	6389
4559	6390
6554	6391
5150	6392
6027	6393
5590	6394
3463	6395
7117	6396
5052	6397
5283	6398
4470	6399
5717	6400
3786	6401
9349	6402
2785	6403
1663	6404
9164	6405
44	6406
9623	6407
7081	6408
8103	6409
4638	6410
8844	6411
9260	6412
2908	6413
1108	6414
1141	6415
1424	6416
9278	6417
9318	6418
2047	6419
4924	6420
2378	6421
5408	6422
5529	6423
9863	6424
4807	6425
1492	6426
2300	6427
56	6428
6153	6429
9127	6430
2398	6431
7036	6432
9543	6433
5130	6434
7515	6435
6084	6436
7775	6437
886	6438
6061	6439
438	6440
5439	6441
116	6442
4579	6443
1973	6444
6583	6445
6457	6446
6373	6447
729	6448
7439	6449
3140	6450
3942	6451
9174	6452
443	6453
7648	6454
9246	6455
3069	6456
9189	6457
673	6458
271	6459
1626	6460
6090	6461
1421	6462
3790	6463
9632	6464
560	6465
7816	6466
4266	6467
9714	6468
4314	6469
176	6470
8680	6471
7815	6472
8220	6473
3151	6474
2756	6475
8253	6476
2478	6477
7551	6478
1468	6479
6945	6480
8303	6481
2541	6482
7471	6483
8801	6484
6480	6485
9437	6486
3013	6487
8588	6488
2120	6489
629	6490
8144	6491
8008	6492
8352	6493
2773	6494
419	6495
5417	6496
6822	6497
4436	6498
1443	6499
8960	6500
4268	6501
3675	6502
1961	6503
4115	6504
1711	6505
5002	6506
695	6507
6707	6508
319	6509
3524	6510
1171	6511
1940	6512
2722	6513
8589	6514
8645	6515
4101	6516
4645	6517
1214	6518
4282	6519
4462	6520
7361	6521
120	6522
2226	6523
3903	6524
5362	6525
708	6526
519	6527
7701	6528
8567	6529
3063	6530
7463	6531
212	6532
540	6533
4575	6534
6734	6535
1954	6536
8767	6537
3331	6538
2592	6539
4054	6540
2904	6541
8919	6542
8796	6543
5981	6544
1872	6545
764	6546
5788	6547
5607	6548
6168	6549
6827	6550
2996	6551
6496	6552
1623	6553
8948	6554
4128	6555
9190	6556
5323	6557
3016	6558
2062	6559
1093	6560
8983	6561
6848	6562
9813	6563
2470	6564
8313	6565
2150	6566
6984	6567
1200	6568
3018	6569
8973	6570
728	6571
5099	6572
3947	6573
2649	6574
2794	6575
1669	6576
3642	6577
912	6578
5934	6579
4335	6580
2020	6581
6817	6582
6842	6583
9408	6584
8248	6585
6063	6586
5741	6587
9773	6588
2204	6589
7967	6590
7423	6591
8216	6592
7855	6593
5686	6594
65	6595
3309	6596
9123	6597
7271	6598
6169	6599
2206	6600
1334	6601
5430	6602
6166	6603
839	6604
2982	6605
3209	6606
535	6607
48	6608
3749	6609
2032	6610
3208	6611
1113	6612
14	6613
3775	6614
2129	6615
2620	6616
2405	6617
7360	6618
1538	6619
8317	6620
1883	6621
8435	6622
4605	6623
1753	6624
3157	6625
4447	6626
9702	6627
8024	6628
1039	6629
3906	6630
5068	6631
9695	6632
5377	6633
9021	6634
8395	6635
6182	6636
9295	6637
1993	6638
2783	6639
6089	6640
112	6641
8338	6642
1074	6643
3545	6644
4790	6645
6823	6646
8869	6647
513	6648
6479	6649
268	6650
1328	6651
4525	6652
2261	6653
50	6654
5420	6655
2617	6656
848	6657
6104	6658
1436	6659
3574	6660
8689	6661
2666	6662
4381	6663
5230	6664
9505	6665
3935	6666
9927	6667
5944	6668
2440	6669
4872	6670
2336	6671
2392	6672
5824	6673
6765	6674
8034	6675
4390	6676
8441	6677
3845	6678
5803	6679
5927	6680
895	6681
897	6682
8318	6683
1551	6684
9024	6685
8052	6686
3477	6687
8232	6688
8270	6689
4313	6690
6955	6691
7498	6692
125	6693
2353	6694
8468	6695
6331	6696
6416	6697
4642	6698
8249	6699
4310	6700
3405	6701
7618	6702
2593	6703
7090	6704
4209	6705
9889	6706
717	6707
1955	6708
3849	6709
6301	6710
6126	6711
4900	6712
4844	6713
7664	6714
2972	6715
4640	6716
6020	6717
3710	6718
1604	6719
4239	6720
3943	6721
9523	6722
9624	6723
1066	6724
6200	6725
6275	6726
6403	6727
7165	6728
4822	6729
5862	6730
4375	6731
4479	6732
1649	6733
960	6734
6694	6735
2096	6736
3600	6737
2924	6738
703	6739
3953	6740
880	6741
4464	6742
2628	6743
2267	6744
924	6745
480	6746
5513	6747
6036	6748
9341	6749
275	6750
3347	6751
5830	6752
1542	6753
4359	6754
7964	6755
2957	6756
3454	6757
2714	6758
1760	6759
229	6760
4170	6761
6228	6762
1401	6763
7476	6764
1154	6765
5437	6766
8721	6767
19	6768
5710	6769
5286	6770
5304	6771
858	6772
5978	6773
1691	6774
9544	6775
6248	6776
2496	6777
6319	6778
8578	6779
9835	6780
7138	6781
8086	6782
7924	6783
2179	6784
9390	6785
3260	6786
7068	6787
1944	6788
8363	6789
2	6790
958	6791
265	6792
3326	6793
4202	6794
9494	6795
3756	6796
3044	6797
1115	6798
7181	6799
4358	6800
8403	6801
1919	6802
8892	6803
4080	6804
1759	6805
8714	6806
1948	6807
3612	6808
2185	6809
2609	6810
8905	6811
4327	6812
8400	6813
7598	6814
3848	6815
3739	6816
3075	6817
5510	6818
530	6819
2	6820
1403	6821
7781	6822
6097	6823
7224	6824
6068	6825
2555	6826
8656	6827
23	6828
6510	6829
8071	6830
4910	6831
881	6832
8244	6833
3994	6834
6309	6835
9885	6836
5893	6837
2369	6838
4536	6839
6205	6840
1645	6841
1512	6842
232	6843
9717	6844
2117	6845
5448	6846
3763	6847
9489	6848
8167	6849
7175	6850
6728	6851
6125	6852
236	6853
5191	6854
9646	6855
9577	6856
7131	6857
9768	6858
3983	6859
8259	6860
3473	6861
9782	6862
6608	6863
7162	6864
6697	6865
3838	6866
324	6867
7416	6868
4776	6869
7112	6870
4916	6871
7608	6872
3264	6873
4813	6874
2165	6875
2611	6876
4754	6877
740	6878
1036	6879
8331	6880
41	6881
2990	6882
1049	6883
2586	6884
9311	6885
3496	6886
6553	6887
8186	6888
9175	6889
65	6890
2550	6891
3159	6892
704	6893
5177	6894
6997	6895
9460	6896
5188	6897
367	6898
2373	6899
4344	6900
5289	6901
583	6902
7830	6903
6245	6904
9897	6905
8433	6906
2906	6907
8462	6908
8815	6909
6574	6910
4406	6911
2292	6912
5608	6913
2244	6914
9922	6915
6488	6916
9920	6917
9639	6918
5460	6919
8452	6920
5159	6921
9780	6922
8119	6923
339	6924
3742	6925
1038	6926
6692	6927
9674	6928
2930	6929
7963	6930
3295	6931
8886	6932
1374	6933
3866	6934
3526	6935
5135	6936
2675	6937
7324	6938
9385	6939
2751	6940
8902	6941
4176	6942
5440	6943
7478	6944
7353	6945
4976	6946
3515	6947
7760	6948
4664	6949
3290	6950
2898	6951
4272	6952
8166	6953
7962	6954
106	6955
4064	6956
3723	6957
312	6958
4102	6959
2483	6960
1312	6961
1489	6962
5661	6963
7828	6964
1022	6965
1006	6966
411	6967
2529	6968
3584	6969
7320	6970
4758	6971
4747	6972
5871	6973
46	6974
5366	6975
5241	6976
2921	6977
1091	6978
750	6979
6383	6980
1304	6981
1349	6982
2864	6983
4179	6984
7590	6985
9807	6986
9722	6987
6634	6988
8002	6989
1287	6990
4764	6991
7055	6992
5000	6993
4697	6994
9726	6995
1594	6996
5211	6997
4677	6998
9479	6999
2231	7000
4850	7001
4427	7002
7494	7003
5213	7004
7426	7005
1487	7006
5737	7007
3661	7008
7460	7009
4460	7010
3857	7011
2217	7012
7968	7013
2905	7014
1267	7015
9236	7016
6821	7017
161	7018
486	7019
6505	7020
6218	7021
3685	7022
4691	7023
3630	7024
5945	7025
2938	7026
4730	7027
3534	7028
8223	7029
6427	7030
4986	7031
4774	7032
9116	7033
278	7034
5989	7035
38	7036
5614	7037
4125	7038
3249	7039
818	7040
457	7041
4324	7042
8505	7043
4367	7044
6566	7045
4526	7046
9210	7047
3219	7048
6587	7049
6508	7050
6214	7051
6273	7052
3	7053
2941	7054
2363	7055
5879	7056
8202	7057
6990	7058
8688	7059
9758	7060
5013	7061
727	7062
6607	7063
348	7064
404	7065
8641	7066
1448	7067
573	7068
8665	7069
5725	7070
3864	7071
3395	7072
9089	7073
545	7074
4236	7075
8358	7076
6042	7077
974	7078
2351	7079
6193	7080
7354	7081
7673	7082
5495	7083
9593	7084
6335	7085
760	7086
7459	7087
1124	7088
9099	7089
7525	7090
6502	7091
209	7092
1134	7093
8263	7094
7182	7095
914	7096
7146	7097
5711	7098
3764	7099
6512	7100
7736	7101
3298	7102
68	7103
8760	7104
3014	7105
9133	7106
3528	7107
4204	7108
7655	7109
4690	7110
2017	7111
774	7112
2490	7113
58	7114
9418	7115
2381	7116
3414	7117
4360	7118
6930	7119
9401	7120
5427	7121
1568	7122
3715	7123
2684	7124
9917	7125
3177	7126
6998	7127
2658	7128
3282	7129
1748	7130
7811	7131
4232	7132
6362	7133
8314	7134
184	7135
3892	7136
4263	7137
1857	7138
4217	7139
3816	7140
9809	7141
7099	7142
713	7143
4598	7144
4695	7145
2210	7146
3470	7147
9497	7148
3589	7149
7797	7150
2481	7151
1429	7152
4614	7153
7637	7154
8046	7155
2517	7156
9783	7157
7785	7158
1515	7159
8488	7160
2015	7161
6209	7162
8951	7163
4097	7164
2192	7165
6314	7166
6668	7167
6021	7168
4273	7169
5179	7170
6564	7171
8121	7172
70	7173
5892	7174
8766	7175
69	7176
373	7177
280	7178
7250	7179
4466	7180
5670	7181
1326	7182
107	7183
5963	7184
7764	7185
9653	7186
101	7187
2076	7188
9093	7189
3060	7190
2407	7191
5221	7192
8664	7193
7737	7194
9874	7195
697	7196
2603	7197
7479	7198
980	7199
5796	7200
1536	7201
8334	7202
507	7203
3064	7204
4086	7205
1505	7206
4856	7207
9570	7208
1855	7209
6893	7210
1385	7211
9666	7212
8271	7213
3303	7214
6621	7215
3686	7216
4875	7217
5763	7218
5252	7219
8876	7220
308	7221
1435	7222
8669	7223
8868	7224
5375	7225
2553	7226
4445	7227
4005	7228
1670	7229
7227	7230
7363	7231
146	7232
4016	7233
1131	7234
7653	7235
4226	7236
8016	7237
1803	7238
2283	7239
8704	7240
4261	7241
303	7242
2195	7243
6589	7244
4252	7245
2626	7246
1699	7247
8454	7248
2726	7249
7906	7250
5740	7251
1353	7252
4582	7253
4106	7254
4795	7255
23	7256
2462	7257
237	7258
4817	7259
6493	7260
108	7261
5126	7262
3627	7263
8123	7264
1079	7265
7240	7266
5003	7267
9757	7268
4658	7269
4336	7270
9747	7271
7793	7272
8207	7273
9027	7274
8320	7275
1922	7276
2788	7277
2870	7278
9776	7279
3355	7280
1815	7281
7829	7282
2706	7283
1478	7284
6150	7285
5181	7286
8234	7287
8453	7288
5485	7289
3214	7290
9701	7291
2867	7292
8559	7293
9264	7294
2236	7295
2631	7296
6322	7297
4529	7298
9003	7299
6466	7300
1527	7301
7663	7302
4174	7303
894	7304
5340	7305
3828	7306
6033	7307
660	7308
1197	7309
5695	7310
4346	7311
3949	7312
8180	7313
1119	7314
7213	7315
860	7316
3088	7317
1602	7318
3218	7319
2901	7320
2819	7321
3082	7322
3730	7323
5787	7324
6928	7325
8776	7326
908	7327
7144	7328
1895	7329
5925	7330
5540	7331
4225	7332
7500	7333
24	7334
8703	7335
3560	7336
6368	7337
7649	7338
9316	7339
8961	7340
3410	7341
88	7342
5449	7343
4153	7344
5373	7345
3170	7346
8386	7347
3386	7348
4509	7349
1713	7350
304	7351
3113	7352
9849	7353
3919	7354
8247	7355
7625	7356
5739	7357
2880	7358
5618	7359
9232	7360
1444	7361
8418	7362
7543	7363
5965	7364
9810	7365
6940	7366
5504	7367
4096	7368
1008	7369
1299	7370
8484	7371
6288	7372
7	7373
53	7374
9010	7375
1189	7376
3568	7377
3388	7378
3863	7379
9911	7380
2570	7381
3507	7382
9857	7383
4871	7384
119	7385
7710	7386
6693	7387
7375	7388
5403	7389
6112	7390
1710	7391
1316	7392
4857	7393
9387	7394
5790	7395
1000	7396
5333	7397
3773	7398
9431	7399
5143	7400
7154	7401
7143	7402
658	7403
9325	7404
3356	7405
7952	7406
2866	7407
6520	7408
5029	7409
183	7410
6091	7411
8736	7412
1223	7413
4142	7414
5484	7415
9781	7416
7263	7417
8227	7418
4325	7419
4756	7420
4626	7421
9838	7422
3288	7423
6880	7424
7814	7425
9365	7426
2221	7427
526	7428
1418	7429
5960	7430
2895	7431
9016	7432
2172	7433
9599	7434
4258	7435
3717	7436
2168	7437
6075	7438
3814	7439
5746	7440
7013	7441
5931	7442
5455	7443
1701	7444
665	7445
8449	7446
8563	7447
3173	7448
6181	7449
6830	7450
1318	7451
5582	7452
8597	7453
8254	7454
9487	7455
8755	7456
5719	7457
2433	7458
8257	7459
6993	7460
30	7461
3093	7462
2888	7463
3673	7464
1386	7465
82	7466
4269	7467
1783	7468
4983	7469
3992	7470
6527	7471
4899	7472
5870	7473
7474	7474
1929	7475
8586	7476
5107	7477
4997	7478
1368	7479
264	7480
4825	7481
7934	7482
8933	7483
3880	7484
3995	7485
1909	7486
2196	7487
1369	7488
6483	7489
1793	7490
7966	7491
4631	7492
1798	7493
9832	7494
7584	7495
2917	7496
6410	7497
482	7498
1340	7499
6788	7500
3123	7501
6071	7502
4133	7503
181	7504
5133	7505
8626	7506
7629	7507
884	7508
2009	7509
2770	7510
592	7511
3784	7512
8740	7513
9525	7514
6477	7515
8319	7516
12	7517
5767	7518
7874	7519
472	7520
2574	7521
1056	7522
7502	7523
6813	7524
6501	7525
4812	7526
1110	7527
8265	7528
4684	7529
2712	7530
3062	7531
4742	7532
4037	7533
1504	7534
9552	7535
7373	7536
1321	7537
7203	7538
4533	7539
7008	7540
8029	7541
7176	7542
1452	7543
8359	7544
4364	7545
8675	7546
5766	7547
9254	7548
4413	7549
3547	7550
1577	7551
9921	7552
1402	7553
3051	7554
445	7555
177	7556
7865	7557
814	7558
1322	7559
6637	7560
8841	7561
3430	7562
3418	7563
9511	7564
7705	7565
2239	7566
5565	7567
2364	7568
6486	7569
8929	7570
4751	7571
7058	7572
9074	7573
3707	7574
689	7575
86	7576
2656	7577
1731	7578
3012	7579
6671	7580
5514	7581
9880	7582
9766	7583
1417	7584
7160	7585
6353	7586
1033	7587
3926	7588
436	7589
8115	7590
4608	7591
1339	7592
7074	7593
4117	7594
3144	7595
6654	7596
8073	7597
91	7598
6	7599
686	7600
4432	7601
7244	7602
8081	7603
382	7604
2348	7605
6605	7606
2627	7607
1067	7608
6135	7609
7151	7610
2591	7611
6086	7612
4759	7613
2619	7614
4603	7615
9216	7616
8720	7617
9806	7618
9176	7619
2376	7620
2238	7621
5693	7622
7524	7623
5476	7624
9343	7625
3613	7626
6970	7627
2514	7628
3391	7629
8808	7630
73	7631
2601	7632
2005	7633
2764	7634
9188	7635
8934	7636
3646	7637
8750	7638
9471	7639
9892	7640
6557	7641
7807	7642
1774	7643
7114	7644
975	7645
3111	7646
4584	7647
988	7648
5358	7649
9847	7650
2208	7651
842	7652
5343	7653
7251	7654
6986	7655
712	7656
2184	7657
5325	7658
6609	7659
5859	7660
6601	7661
510	7662
2671	7663
9106	7664
2805	7665
5076	7666
8659	7667
9441	7668
1851	7669
1756	7670
2548	7671
1735	7672
9520	7673
682	7674
9009	7675
6951	7676
2343	7677
5538	7678
1665	7679
3071	7680
7247	7681
8763	7682
9907	7683
679	7684
4213	7685
2643	7686
3337	7687
3615	7688
6923	7689
9157	7690
2738	7691
1317	7692
5435	7693
1586	7694
5207	7695
2590	7696
5728	7697
7215	7698
5681	7699
2123	7700
5406	7701
8906	7702
8946	7703
8697	7704
1913	7705
3597	7706
2690	7707
781	7708
7628	7709
5411	7710
47	7711
840	7712
8793	7713
2882	7714
9169	7715
5128	7716
8864	7717
6405	7718
447	7719
9280	7720
7010	7721
690	7722
855	7723
1790	7724
8350	7725
9297	7726
891	7727
536	7728
9167	7729
8275	7730
7429	7731
1273	7732
3211	7733
1143	7734
6008	7735
863	7736
8922	7737
1661	7738
8301	7739
6545	7740
461	7741
3738	7742
7987	7743
1269	7744
9187	7745
9881	7746
6569	7747
4105	7748
3241	7749
296	7750
1	7751
8674	7752
9363	7753
7510	7754
3469	7755
723	7756
8527	7757
20	7758
7711	7759
4703	7760
7063	7761
4374	7762
981	7763
3362	7764
8533	7765
9739	7766
8577	7767
6680	7768
7748	7769
8734	7770
6404	7771
8520	7772
3809	7773
9121	7774
3586	7775
9150	7776
7718	7777
46	7778
4415	7779
3191	7780
1471	7781
3909	7782
4168	7783
5943	7784
4708	7785
1712	7786
8629	7787
3569	7788
9514	7789
9415	7790
5568	7791
8657	7792
7789	7793
9598	7794
1549	7795
669	7796
3689	7797
4109	7798
1332	7799
56	7800
9337	7801
3552	7802
1772	7803
8928	7804
210	7805
4989	7806
9926	7807
3399	7808
4969	7809
9765	7810
6562	7811
413	7812
69	7813
2060	7814
380	7815
1820	7816
6297	7817
5583	7818
2367	7819
9645	7820
569	7821
1335	7822
2098	7823
3874	7824
5689	7825
6185	7826
3021	7827
8539	7828
3925	7829
5085	7830
6640	7831
3408	7832
6208	7833
3827	7834
2637	7835
3416	7836
2050	7837
1327	7838
2360	7839
6076	7840
3491	7841
8295	7842
4110	7843
6146	7844
3674	7845
696	7846
2777	7847
6459	7848
6829	7849
2087	7850
7480	7851
4851	7852
2557	7853
5854	7854
1103	7855
1818	7856
1338	7857
3084	7858
38	7859
5555	7860
1167	7861
8716	7862
6358	7863
2074	7864
6370	7865
28	7866
5507	7867
9537	7868
160	7869
7722	7870
1679	7871
8610	7872
8145	7873
2143	7874
55	7875
825	7876
4565	7877
7638	7878
4107	7879
8425	7880
8769	7881
721	7882
6398	7883
3712	7884
5094	7885
2038	7886
9567	7887
5083	7888
4653	7889
4778	7890
2636	7891
7822	7892
6721	7893
947	7894
5625	7895
9771	7896
7071	7897
6274	7898
9785	7899
1928	7900
6172	7901
427	7902
8587	7903
6646	7904
5104	7905
3886	7906
543	7907
7	7908
8307	7909
1476	7910
3693	7911
2798	7912
6237	7913
6387	7914
4848	7915
5344	7916
6201	7917
8585	7918
4831	7919
1310	7920
8138	7921
3003	7922
3126	7923
8917	7924
9399	7925
7079	7926
4195	7927
4347	7928
8551	7929
7222	7930
2207	7931
7183	7932
516	7933
188	7934
9350	7935
283	7936
3593	7937
8925	7938
4339	7939
2536	7940
2190	7941
3804	7942
5909	7943
66	7944
75	7945
8619	7946
6113	7947
6037	7948
6794	7949
5281	7950
6371	7951
8618	7952
5413	7953
2695	7954
8606	7955
8482	7956
1377	7957
2654	7958
6946	7959
145	7960
4970	7961
2724	7962
8019	7963
9046	7964
1075	7965
2966	7966
2820	7967
5609	7968
7713	7969
1821	7970
6729	7971
3936	7972
5611	7973
3781	7974
7129	7975
3216	7976
6759	7977
7867	7978
7296	7979
8971	7980
8943	7981
6244	7982
1866	7983
6247	7984
1916	7985
1684	7986
175	7987
5578	7988
558	7989
8549	7990
8753	7991
4388	7992
9914	7993
9562	7994
3774	7995
2256	7996
3772	7997
4114	7998
2831	7999
3045	8000
2899	8001
5939	8002
9138	8003
7322	8004
5579	8005
9693	8006
3481	8007
8286	8008
5684	8009
5388	8010
5238	8011
9451	8012
400	8013
1451	8014
1810	8015
2933	8016
9721	8017
7270	8018
178	8019
3390	8020
8807	8021
8556	8022
8459	8023
7810	8024
6164	8025
2361	8026
2397	8027
5539	8028
4625	8029
5644	8030
2499	8031
3032	8032
8923	8033
8287	8034
5581	8035
9177	8036
3769	8037
7956	8038
414	8039
3714	8040
733	8041
3076	8042
2466	8043
405	8044
7754	8045
2583	8046
734	8047
378	8048
3927	8049
7575	8050
4296	8051
7947	8052
1283	8053
2419	8054
6783	8055
3779	8056
3244	8057
6699	8058
7573	8059
4512	8060
1175	8061
3335	8062
2828	8063
4646	8064
1025	8065
490	8066
1394	8067
2036	8068
7314	8069
9358	8070
2034	8071
6899	8072
3285	8073
813	8074
1854	8075
8752	8076
4599	8077
1434	8078
3708	8079
5883	8080
3235	8081
6189	8082
1411	8083
4425	8084
5653	8085
2787	8086
2817	8087
3836	8088
2338	8089
5352	8090
5117	8091
9829	8092
4496	8093
3812	8094
1999	8095
3167	8096
739	8097
5120	8098
2814	8099
1838	8100
3682	8101
5206	8102
384	8103
4433	8104
6131	8105
6494	8106
4229	8107
3262	8108
4571	8109
2220	8110
1682	8111
6991	8112
5060	8113
5647	8114
1632	8115
3687	8116
450	8117
9700	8118
7888	8119
9022	8120
6147	8121
4377	8122
7780	8123
3725	8124
1501	8125
4886	8126
1320	8127
6035	8128
5694	8129
1488	8130
724	8131
8543	8132
7450	8133
7599	8134
7845	8135
7283	8136
8544	8137
7973	8138
2498	8139
4641	8140
9822	8141
744	8142
4578	8143
4607	8144
735	8145
5014	8146
7409	8147
6242	8148
5566	8149
7293	8150
5903	8151
4721	8152
3150	8153
2515	8154
1199	8155
3867	8156
4050	8157
6973	8158
3106	8159
7346	8160
6478	8161
1977	8162
9767	8163
628	8164
4428	8165
7884	8166
5171	8167
4606	8168
6290	8169
9427	8170
6756	8171
6017	8172
4918	8173
2747	8174
1868	8175
2001	8176
3351	8177
8837	8178
1148	8179
387	8180
5549	8181
9924	8182
6762	8183
6669	8184
2893	8185
7859	8186
9641	8187
9871	8188
9090	8189
3622	8190
6530	8191
8658	8192
5708	8193
653	8194
2146	8195
8747	8196
5677	8197
4540	8198
4564	8199
8838	8200
9526	8201
3269	8202
36	8203
654	8204
5359	8205
9688	8206
7609	8207
6576	8208
368	8209
6754	8210
1206	8211
6920	8212
7059	8213
6320	8214
1373	8215
634	8216
6939	8217
3852	8218
6108	8219
9218	8220
9855	8221
3302	8222
2646	8223
3860	8224
9220	8225
1956	8226
4649	8227
5597	8228
3431	8229
4594	8230
9145	8231
6232	8232
8685	8233
8638	8234
4789	8235
8529	8236
6352	8237
6524	8238
6577	8239
5222	8240
1858	8241
7064	8242
6988	8243
3602	8244
6495	8245
440	8246
8775	8247
9126	8248
1869	8249
5174	8250
2278	8251
1773	8252
997	8253
6363	8254
7800	8255
376	8256
9128	8257
508	8258
5986	8259
9718	8260
1996	8261
623	8262
3954	8263
8415	8264
252	8265
3233	8266
7557	8267
2045	8268
5866	8269
1776	8270
2681	8271
8979	8272
3701	8273
1582	8274
4446	8275
7926	8276
3155	8277
1453	8278
9072	8279
2776	8280
4914	8281
8347	8282
2073	8283
9082	8284
8639	8285
9816	8286
6670	8287
2299	8288
7909	8289
1221	8290
7945	8291
3497	8292
6294	8293
9374	8294
2851	8295
8427	8296
5065	8297
7153	8298
9699	8299
4824	8300
3246	8301
2227	8302
4700	8303
9083	8304
3327	8305
8992	8306
479	8307
5845	8308
124	8309
5488	8310
8777	8311
3385	8312
4173	8313
3782	8314
5657	8315
9529	8316
8241	8317
3877	8318
6018	8319
7896	8320
909	8321
8176	8322
7669	8323
9600	8324
4744	8325
8458	8326
2379	8327
3089	8328
4611	8329
8852	8330
5332	8331
9840	8332
3019	8333
1508	8334
2971	8335
3338	8336
1080	8337
8324	8338
920	8339
4025	8340
7284	8341
8106	8342
6145	8343
8080	8344
9560	8345
9728	8346
965	8347
6982	8348
5885	8349
1313	8350
6458	8351
68	8352
1752	8353
2211	8354
4032	8355
4867	8356
7468	8357
4030	8358
5456	8359
7730	8360
9328	8361
9620	8362
1945	8363
8550	8364
253	8365
8096	8366
8297	8367
3592	8368
5723	8369
1640	8370
504	8371
6861	8372
1065	8373
5051	8374
8525	8375
3179	8376
7537	8377
2595	8378
2872	8379
1762	8380
1788	8381
6531	8382
5786	8383
2589	8384
7383	8385
6519	8386
2428	8387
8069	8388
7724	8389
6961	8390
4203	8391
9779	8392
424	8393
5782	8394
6884	8395
395	8396
4926	8397
2624	8398
4123	8399
3291	8400
467	8401
5426	8402
593	8403
8825	8404
3744	8405
129	8406
5797	8407
5633	8408
5407	8409
9173	8410
5253	8411
8322	8412
7960	8413
5806	8414
6722	8415
3081	8416
3397	8417
9541	8418
4262	8419
1739	8420
7563	8421
67	8422
9583	8423
7938	8424
19	8425
8851	8426
7860	8427
1415	8428
5074	8429
702	8430
5431	8431
6393	8432
9519	8433
5970	8434
6293	8435
1244	8436
11	8437
4589	8438
9184	8439
9179	8440
8988	8441
4001	8442
5293	8443
763	8444
6844	8445
7975	8446
6198	8447
7636	8448
511	8449
2194	8450
4585	8451
7343	8452
6950	8453
6417	8454
51	8455
2315	8456
6846	8457
8857	8458
989	8459
7937	8460
9317	8461
9346	8462
4632	8463
6918	8464
6439	8465
1384	8466
228	8467
1722	8468
5318	8469
7839	8470
2447	8471
5872	8472
5202	8473
2803	8474
9032	8475
9276	8476
3771	8477
6428	8478
4945	8479
3486	8480
9361	8481
7223	8482
9488	8483
9064	8484
9802	8485
9671	8486
9005	8487
7262	8488
2309	8489
8050	8490
1693	8491
3987	8492
4532	8493
6937	8494
3256	8495
4513	8496
9154	8497
5428	8498
2344	8499
3548	8500
8361	8501
3956	8502
5522	8503
5503	8504
9464	8505
5436	8506
4752	8507
1083	8508
2112	8509
8130	8510
9751	8511
44	8512
363	8513
5891	8514
2290	8515
5848	8516
2277	8517
2394	8518
815	8519
5454	8520
6874	8521
2200	8522
2731	8523
9908	8524
3225	8525
3406	8526
9071	8527
9339	8528
2688	8529
1474	8530
2678	8531
1493	8532
7349	8533
3168	8534
9750	8535
2988	8536
7753	8537
7276	8538
7269	8539
9864	8540
5802	8541
7030	8542
8746	8543
2667	8544
8506	8545
5282	8546
9769	8547
1253	8548
5489	8549
9439	8550
8463	8551
5118	8552
1309	8553
7123	8554
8819	8555
4356	8556
5818	8557
6664	8558
2869	8559
8802	8560
5386	8561
8524	8562
7871	8563
8778	8564
8300	8565
7719	8566
2632	8567
8311	8568
637	8569
1846	8570
3237	8571
454	8572
1927	8573
7901	8574
8647	8575
8654	8576
3103	8577
5714	8578
9818	8579
996	8580
6799	8581
5080	8582
7037	8583
972	8584
7179	8585
2342	8586
2273	8587
5219	8588
4596	8589
3952	8590
9181	8591
3626	8592
2759	8593
1592	8594
6233	8595
6271	8596
5275	8597
5048	8598
1615	8599
3316	8600
929	8601
3931	8602
2346	8603
2365	8604
8882	8605
2066	8606
4119	8607
7911	8608
559	8609
7113	8610
747	8611
5146	8612
4771	8613
5296	8614
6082	8615
5401	8616
6465	8617
9724	8618
1648	8619
6151	8620
4921	8621
9575	8622
4398	8623
8208	8624
6337	8625
1749	8626
4484	8627
3441	8628
6717	8629
139	8630
5200	8631
5727	8632
5235	8633
2243	8634
7121	8635
2334	8636
2197	8637
4430	8638
1988	8639
8146	8640
9704	8641
7621	8642
7527	8643
4974	8644
4444	8645
5916	8646
5704	8647
2201	8648
9282	8649
7078	8650
5953	8651
8304	8652
3758	8653
8839	8654
1215	8655
4912	8656
570	8657
3806	8658
4134	8659
2002	8660
681	8661
235	8662
8380	8663
6875	8664
7586	8665
1548	8666
2824	8667
9559	8668
453	8669
1370	8670
394	8671
6540	8672
9251	8673
2354	8674
1314	8675
1063	8676
4965	8677
4806	8678
1966	8679
5600	8680
7255	8681
7148	8682
8237	8683
6418	8684
6279	8685
5429	8686
3516	8687
5800	8688
5724	8689
3862	8690
2103	8691
2000	8692
4337	8693
6747	8694
838	8695
1812	8696
9576	8697
6532	8698
1176	8699
1441	8700
7732	8701
6194	8702
7432	8703
9211	8704
4283	8705
7022	8706
8290	8707
3472	8708
1770	8709
8691	8710
6138	8711
4040	8712
6725	8713
9682	8714
875	8715
4228	8716
4131	8717
849	8718
3658	8719
6220	8720
1889	8721
5908	8722
4245	8723
1212	8724
9405	8725
9503	8726
7556	8727
5599	8728
6447	8729
9134	8730
9788	8731
5799	8732
7437	8733
6663	8734
8192	8735
9831	8736
8158	8737
2985	8738
2429	8739
9104	8740
5822	8741
5585	8742
8149	8743
1589	8744
5180	8745
3900	8746
4049	8747
6461	8748
6230	8749
4587	8750
7261	8751
7461	8752
25	8753
9828	8754
5926	8755
9851	8756
4465	8757
6143	8758
2352	8759
587	8760
6349	8761
7507	8762
3783	8763
2164	8764
1174	8765
1879	8766
4610	8767
3628	8768
1998	8769
8262	8770
5414	8771
5646	8772
9409	8773
3442	8774
5054	8775
5550	8776
6012	8777
3999	8778
1958	8779
2321	8780
6212	8781
7990	8782
5459	8783
1741	8784
6426	8785
8356	8786
7338	8787
4257	8788
1802	8789
5254	8790
1890	8791
554	8792
6568	8793
7568	8794
6972	8795
555	8796
5987	8797
4130	8798
4034	8799
3959	8800
279	8801
4342	8802
7171	8803
3178	8804
55	8805
390	8806
4775	8807
800	8808
32	8809
6422	8810
7484	8811
5878	8812
1786	8813
548	8814
6948	8815
6506	8816
3160	8817
8260	8818
1408	8819
7002	8820
5715	8821
6778	8822
6580	8823
2892	8824
4340	8825
2810	8826
1782	8827
90	8828
5974	8829
9329	8830
6411	8831
1376	8832
3270	8833
675	8834
9748	8835
2809	8836
5025	8837
153	8838
6661	8839
4619	8840
6766	8841
3570	8842
8891	8843
752	8844
7259	8845
4985	8846
4623	8847
6078	8848
4278	8849
5849	8850
8490	8851
9515	8852
1009	8853
942	8854
2389	8855
4903	8856
402	8857
7944	8858
4363	8859
2635	8860
33	8861
2080	8862
2494	8863
1625	8864
6098	8865
5977	8866
3368	8867
6987	8868
2253	8869
4954	8870
2707	8871
1715	8872
2213	8873
8423	8874
1057	8875
9827	8876
8360	8877
6662	8878
1676	8879
4317	8880
2446	8881
9814	8882
9011	8883
7029	8884
7554	8885
9144	8886
9214	8887
258	8888
5801	8889
370	8890
3360	8891
1187	8892
474	8893
483	8894
8896	8895
3471	8896
2748	8897
9402	8898
6085	8899
4397	8900
8242	8901
5554	8902
2855	8903
4819	8904
1576	8905
5393	8906
2641	8907
5447	8908
7951	8909
9823	8910
1726	8911
8866	8912
6684	8913
9614	8914
8288	8915
219	8916
2093	8917
5342	8918
4882	8919
5087	8920
841	8921
7782	8922
4033	8923
1707	8924
1781	8925
4984	8926
3193	8927
7298	8928
3011	8929
3000	8930
6797	8931
8569	8932
737	8933
678	8934
6907	8935
7846	8936
3279	8937
1531	8938
4351	8939
833	8940
4714	8941
4794	8942
2314	8943
5192	8944
7869	8945
6726	8946
6482	8947
6390	8948
3598	8949
538	8950
3	8951
2647	8952
4826	8953
4118	8954
9865	8955
2781	8956
3152	8957
284	8958
9160	8959
9026	8960
5541	8961
2472	8962
6843	8963
520	8964
9234	8965
9235	8966
4805	8967
7597	8968
2463	8969
6872	8970
2250	8971
3186	8972
9224	8973
5774	8974
7082	8975
8224	8976
3683	8977
1906	8978
3938	8979
8972	8980
6665	8981
4185	8982
1719	8983
5265	8984
850	8985
5148	8986
3456	8987
1877	8988
423	8989
5855	8990
4842	8991
8420	8992
6159	8993
4749	8994
6971	8995
7910	8996
9222	8997
1995	8998
4458	8999
2889	9000
846	9001
7135	9002
7930	9003
6511	9004
1111	9005
1428	9006
7536	9007
1387	9008
7445	9009
6641	9010
2596	9011
9595	9012
5586	9013
8085	9014
577	9015
8393	9016
7027	9017
5610	9018
2950	9019
2390	9020
4250	9021
3564	9022
892	9023
4692	9024
2807	9025
5520	9026
3830	9027
1652	9028
8477	9029
8480	9030
9629	9031
2442	9032
9147	9033
31	9034
5422	9035
1003	9036
4297	9037
4287	9038
5398	9039
983	9040
3105	9041
7969	9042
2042	9043
7726	9044
6207	9045
7668	9046
1951	9047
6586	9048
6119	9049
2605	9050
9887	9051
2704	9052
9680	9053
4941	9054
7311	9055
3700	9056
137	9057
8535	9058
337	9059
5929	9060
417	9061
9481	9062
8031	9063
5768	9064
6099	9065
1307	9066
4865	9067
8908	9068
7632	9069
4014	9070
1383	9071
2516	9072
2316	9073
9249	9074
1172	9075
3608	9076
748	9077
8351	9078
4039	9079
7124	9080
9730	9081
8093	9082
1002	9083
1213	9084
8555	9085
4743	9086
3381	9087
18	9088
4305	9089
4007	9090
3573	9091
207	9092
1650	9093
4331	9094
2853	9095
1482	9096
8756	9097
9283	9098
2673	9099
7323	9100
1627	9101
5551	9102
5922	9103
8258	9104
8025	9105
9456	9106
6713	9107
8187	9108
5623	9109
5371	9110
6094	9111
1972	9112
187	9113
5542	9114
8328	9115
6618	9116
2279	9117
8219	9118
1557	9119
4506	9120
409	9121
5151	9122
6708	9123
9054	9124
8889	9125
8821	9126
1629	9127
8580	9128
350	9129
3323	9130
6705	9131
1100	9132
5703	9133
5648	9134
8353	9135
7744	9136
6828	9137
2205	9138
9608	9139
6792	9140
8924	9141
3837	9142
9146	9143
9044	9144
3915	9145
4705	9146
4286	9147
3380	9148
6631	9149
2166	9150
305	9151
8411	9152
6672	9153
553	9154
527	9155
5533	9156
2662	9157
9557	9158
8281	9159
5631	9160
173	9161
7317	9162
123	9163
7647	9164
4600	9165
3043	9166
3024	9167
3734	9168
1367	9169
7130	9170
455	9171
7633	9172
1620	9173
5327	9174
9008	9175
6298	9176
1666	9177
3984	9178
9114	9179
9877	9180
7514	9181
9826	9182
2913	9183
9299	9184
6592	9185
7187	9186
3387	9187
9023	9188
4218	9189
9172	9190
4488	9191
4572	9192
2162	9193
9628	9194
4654	9195
3324	9196
5828	9197
1205	9198
4545	9199
3736	9200
6791	9201
7286	9202
7267	9203
5212	9204
2280	9205
7208	9206
4418	9207
4422	9208
7168	9209
6539	9210
3870	9211
1606	9212
37	9213
6904	9214
2571	9215
9119	9216
6344	9217
9470	9218
2156	9219
4793	9220
7547	9221
8880	9222
9778	9223
4733	9224
5829	9225
6584	9226
3666	9227
2285	9228
1362	9229
4071	9230
7394	9231
1754	9232
3910	9233
9551	9234
7766	9235
8205	9236
5573	9237
8447	9238
648	9239
3621	9240
5161	9241
3982	9242
5486	9243
584	9244
946	9245
7031	9246
3542	9247
9482	9248
1333	9249
3440	9250
3228	9251
529	9252
9512	9253
5707	9254
8607	9255
27	9256
8466	9257
6115	9258
5890	9259
9259	9260
4098	9261
7464	9262
6749	9263
2559	9264
239	9265
5374	9266
6101	9267
905	9268
8692	9269
6767	9270
6072	9271
1817	9272
6536	9273
3543	9274
9428	9275
8930	9276
2411	9277
2077	9278
5155	9279
8040	9280
133	9281
3101	9282
7043	9283
7734	9284
3087	9285
6769	9286
6786	9287
3716	9288
3737	9289
3858	9290
6038	9291
7772	9292
3102	9293
2198	9294
1638	9295
8872	9296
6334	9297
2153	9298
6855	9299
9468	9300
3629	9301
1242	9302
2838	9303
9028	9304
7020	9305
2303	9306
5246	9307
1796	9308
8627	9309
8516	9310
7070	9311
1513	9312
5877	9313
2288	9314
7589	9315
6655	9316
4810	9317
1442	9318
8558	9319
2857	9320
8383	9321
1359	9322
7167	9323
6117	9324
3616	9325
2679	9326
8264	9327
6949	9328
6372	9329
4067	9330
6863	9331
966	9332
5462	9333
4295	9334
8683	9335
801	9336
4490	9337
824	9338
4682	9339
7560	9340
118	9341
542	9342
8910	9343
5973	9344
8148	9345
2403	9346
7366	9347
2128	9348
6739	9349
5506	9350
5077	9351
8489	9352
6313	9353
3252	9354
8681	9355
444	9356
7946	9357
3801	9358
1680	9359
301	9360
6284	9361
6563	9362
7449	9363
2100	9364
4498	9365
2010	9366
9655	9367
9165	9368
9846	9369
8	9370
3726	9371
9853	9372
1410	9373
6343	9374
8492	9375
7671	9376
3468	9377
7521	9378
8190	9379
4316	9380
9379	9381
6299	9382
332	9383
2914	9384
3322	9385
4528	9386
4055	9387
1657	9388
9820	9389
949	9390
3916	9391
5955	9392
926	9393
4829	9394
1587	9395
8245	9396
5470	9397
7984	9398
2473	9399
636	9400
3913	9401
5673	9402
4190	9403
2832	9404
2506	9405
6723	9406
9195	9407
5905	9408
7610	9409
6550	9410
6023	9411
3284	9412
1522	9413
7891	9414
6259	9415
6980	9416
4519	9417
7992	9418
1530	9419
7640	9420
3841	9421
9057	9422
2567	9423
266	9424
4448	9425
6779	9426
62	9427
6312	9428
1081	9429
3721	9430
7997	9431
5826	9432
7731	9433
9912	9434
2268	9435
4620	9436
7126	9437
1220	9438
6518	9439
1460	9440
6994	9441
4694	9442
9842	9443
194	9444
1072	9445
2767	9446
2362	9447
9784	9448
9255	9449
1042	9450
9125	9451
8729	9452
3464	9453
3382	9454
5915	9455
1653	9456
7333	9457
7219	9458
4000	9459
5794	9460
1823	9461
6879	9462
8536	9463
8713	9464
1356	9465
7603	9466
1506	9467
2584	9468
8895	9469
4409	9470
2623	9471
563	9472
7654	9473
4104	9474
6266	9475
6513	9476
2262	9477
6326	9478
2075	9479
4863	9480
9098	9481
78	9482
8367	9483
8072	9484
3371	9485
9171	9486
4450	9487
7838	9488
2269	9489
9472	9490
430	9491
4387	9492
7765	9493
6593	9494
5232	9495
7458	9496
2158	9497
1032	9498
5404	9499
1673	9500
6643	9501
2188	9502
7662	9503
1965	9504
3759	9505
7083	9506
4639	9507
306	9508
7220	9509
469	9510
2068	9511
8835	9512
6286	9513
8209	9514
6803	9515
5125	9516
7397	9517
8632	9518
8507	9519
1209	9520
922	9521
1085	9522
907	9523
664	9524
8429	9525
3026	9526
5819	9527
1578	9528
4189	9529
3933	9530
4151	9531
6263	9532
4770	9533
6696	9534
63	9535
2999	9536
7352	9537
6215	9538
6738	9539
6102	9540
9058	9541
7774	9542
6278	9543
9585	9544
425	9545
619	9546
3354	9547
6556	9548
8368	9549
2657	9550
22	9551
3792	9552
2055	9553
5372	9554
5129	9555
7193	9556
2081	9557
8231	9558
2821	9559
2875	9560
8666	9561
3719	9562
1162	9563
4833	9564
5070	9565
647	9566
1077	9567
1671	9568
3448	9569
6053	9570
6029	9571
4967	9572
34	9573
251	9574
6348	9575
6026	9576
3467	9577
3513	9578
7741	9579
5672	9580
8684	9581
5057	9582
9	9583
243	9584
1392	9585
3776	9586
5329	9587
3611	9588
6305	9589
8596	9590
2186	9591
9206	9592
3457	9593
9925	9594
8770	9595
7745	9596
6839	9597
1129	9598
7077	9599
1795	9600
2133	9601
2599	9602
1034	9603
31	9604
8784	9605
4577	9606
3494	9607
1145	9608
3681	9609
8142	9610
5569	9611
8066	9612
3052	9613
3594	9614
2992	9615
2672	9616
5805	9617
3876	9618
7326	9619
7491	9620
4396	9621
9449	9622
61	9623
260	9624
4836	9625
356	9626
2116	9627
1541	9628
5547	9629
9272	9630
7974	9631
5106	9632
8970	9633
6548	9634
109	9635
3525	9636
8114	9637
9770	9638
1884	9639
7660	9640
8312	9641
798	9642
4991	9643
803	9644
2533	9645
29	9646
2618	9647
9414	9648
8871	9649
7613	9650
2456	9651
600	9652
7508	9653
7279	9654
7209	9655
6203	9656
8834	9657
8504	9658
3872	9659
7301	9660
6116	9661
5516	9662
2178	9663
3402	9664
9392	9665
1893	9666
1952	9667
1875	9668
2661	9669
802	9670
6329	9671
3188	9672
5696	9673
873	9674
6921	9675
2556	9676
2955	9677
6559	9678
8605	9679
9455	9680
3421	9681
8557	9682
6360	9683
5477	9684
820	9685
29	9686
3794	9687
985	9688
8670	9689
8832	9690
7921	9691
1698	9692
7457	9693
3610	9694
2183	9695
6847	9696
9338	9697
5380	9698
2562	9699
5066	9700
650	9701
8662	9702
4968	9703
3439	9704
9665	9705
5004	9706
1584	9707
8887	9708
9502	9709
1114	9710
8003	9711
3567	9712
4042	9713
1397	9714
4818	9715
8308	9716
3793	9717
4355	9718
7763	9719
9331	9720
8515	9721
9749	9722
8157	9723
4855	9724
6265	9725
1455	9726
8432	9727
9047	9728
7415	9729
6736	9730
2800	9731
4591	9732
3429	9733
6700	9734
6261	9735
9486	9736
7180	9737
3438	9738
9124	9739
1833	9740
8401	9741
8373	9742
9266	9743
4391	9744
2322	9745
8969	9746
4270	9747
8678	9748
3376	9749
5951	9750
1917	9751
7205	9752
1925	9753
2840	9754
9869	9755
6300	9756
2676	9757
605	9758
8749	9759
1331	9760
671	9761
1502	9762
2223	9763
4551	9764
1763	9765
9261	9766
4031	9767
5988	9768
5706	9769
217	9770
5349	9771
2683	9772
4264	9773
3277	9774
2540	9775
3937	9776
1024	9777
8804	9778
5419	9779
9040	9780
3083	9781
1469	9782
844	9783
3829	9784
5140	9785
6882	9786
8811	9787
2610	9788
7905	9789
43	9790
3487	9791
9035	9792
785	9793
49	9794
2051	9795
9355	9796
6444	9797
7358	9798
9294	9799
7300	9800
9020	9801
2961	9802
1477	9803
6118	9804
5153	9805
3202	9806
6777	9807
422	9808
9509	9809
7844	9810
5292	9811
6588	9812
5	9813
2099	9814
1612	9815
4081	9816
6226	9817
48	9818
4580	9819
7682	9820
4468	9821
7996	9822
1500	9823
639	9824
4788	9825
9549	9826
7617	9827
7005	9828
8911	9829
3474	9830
8718	9831
4963	9832
1870	9833
9469	9834
3898	9835
9596	9836
1146	9837
8092	9838
1138	9839
1023	9840
1210	9841
5975	9842
7757	9843
5658	9844
6191	9845
1520	9846
1994	9847
7578	9848
2774	9849
522	9850
1381	9851
3267	9852
7712	9853
7650	9854
6999	9855
9745	9856
868	9857
3407	9858
8890	9859
5663	9860
2061	9861
4028	9862
4732	9863
8326	9864
7371	9865
8485	9866
7532	9867
1797	9868
9273	9869
6849	9870
5217	9871
6628	9872
910	9873
8679	9874
5088	9875
6434	9876
3539	9877
6560	9878
7798	9879
5469	9880
614	9881
16	9882
3359	9883
9269	9884
269	9885
1569	9886
1830	9887
8903	9888
9679	9889
8279	9890
2513	9891
4242	9892
9279	9893
336	9894
8609	9895
7398	9896
9675	9897
5442	9898
5198	9899
291	9900
9094	9901
7808	9902
1319	9903
6867	9904
7518	9905
566	9906
7959	9907
5209	9908
3434	9909
2011	9910
7184	9911
7243	9912
8687	9913
4183	9914
9196	9915
7623	9916
4500	9917
6443	9918
1738	9919
2659	9920
2111	9921
7706	9922
1829	9923
493	9924
2484	9925
9454	9926
1160	9927
7806	9928
4846	9929
6010	9930
3894	9931
59	9932
8390	9933
8708	9934
5655	9935
2929	9936
6790	9937
1740	9938
1240	9939
1554	9940
5964	9941
1465	9942
6389	9943
7000	9944
7614	9945
3417	9946
6270	9947
8199	9948
7870	9949
749	9950
8798	9951
7212	9952
7265	9953
7824	9954
5911	9955
3023	9956
3795	9957
9323	9958
7687	9959
8989	9960
7280	9961
364	9962
6594	9963
1986	9964
4998	9965
918	9966
3578	9967
8181	9968
79	9969
9025	9970
9077	9971
1005	9972
5110	9973
8881	9974
6816	9975
5954	9976
2137	9977
9506	9978
1222	9979
5668	9980
7777	9981
1264	9982
2989	9983
8789	9984
1058	9985
6887	9986
7385	9987
3571	9988
43	9989
2072	9990
1409	9991
4289	9992
6000	9993
1591	9994
3085	9995
5687	9996
4365	9997
7347	9998
8200	9999
5402	10000
