466	12	5	4.6
669	113	5	24.5
124	390	34	322.41
101	224	11	12.69
145	3868	3	31.63
133	1906	4	33.57
1273	14	5	12.36
695	101	8	28.19
2140	14	5	18.52
102	3893	4	29.27
101	2980	3	15.08
2300	110	3	19.61
313	164	4	22.69
313	14	10	7.66
180	389	4	27.23
105	1124	6	34.37
433	12	5	4.22
145	117	51	224.95
101	1557	6	30.16
262	146	3	10.39
234	121	3	5.61
101	1505	3	9.24
114	606	5	24.09
3610	305	3	42.29
442	113	3	9.14
141	116	15	28.18
118	150	21	61.71
104	1650	10	83.06
391	178	6	46.01
166	105	12	19.93
451	101	4	5.21
13	127	9	18.2
161	645	3	20.39
120	633	3	12.59
102	1343	4	14.41
143	666	4	25.72
101	435	5	8.15
838	117	4	21.28
110	240	5	10.23
249	138	19	127.54
221	101	11	12.4
12	129	543	3159.6
161	143	5	12.06
868	101	4	10.19
214	138	6	22.86
105	5198	3	27.18
485	14	10	18
1573	9	3	23
3466	14	3	10.76
164	286	8	55.27
2138	168	4	42.38
149	102	99	316.42
104	1293	5	24.45
241	107	7	17.9
139	165	5	12.03
109	436	4	13.39
267	12	8	3.94
2100	113	5	39.12
2620	111	3	21.19
280	122	4	12.67
1235	145	6	54.37
520	799	3	34.34
102	659	9	33.21
106	1514	3	15.89
786	14	6	10.59
12	374	6	4.68
1925	207	3	32.35
153	178	5	16.88
124	2183	3	23.43
294	12	9	7.11
101	841	9	38.18
101	781	4	9.05
143	396	3	14.11
16	600	3	13.03
1370	14	3	4.8
417	14	6	4.24
140	180	3	5.95
121	1335	3	18.49
137	258	6	26.16
113	123	15	13.95
158	107	6	4.12
122	168	5	8.85
169	113	13	35.13
122	125	9	8.02
2225	119	5	43.52
112	698	5	24.98
101	1722	3	10.57
136	601	6	40.54
102	918	5	15.99
102	866	5	15.42
156	112	7	6.92
126	122	8	6.55
1782	110	4	26.53
101	2230	3	12.36
116	358	7	30.75
203	106	4	4.21
340	107	4	10.19
1540	592	3	40.19
5633	12	3	18.56
220	929	6	64.39
162	977	17	224.43
102	1763	3	10.81
668	111	3	11.21
101	1095	6	23.7
120	280	3	6.7
107	601	5	22.11
2493	12	3	9.37
106	2359	3	19.15
146	111	8	5.97
701	119	3	13.27
12	2512	3	10.52
102	1326	3	8.92
154	279	3	12.47
813	369	3	31.56
119	528	5	24.77
1762	115	3	18.68
102	557	4	7.07
936	16	3	15.77
102	355	8	15.64
1196	14	3	3.98
152	239	4	16.43
108	590	3	10.2
459	454	3	29.84
118	154	67	367.85
118	111	15	6.8
876	154	8	74.2
1487	12	5	16.34
863	109	4	19.3
101	1604	5	22.58
163	126	6	12.94
128	1	3	5.38
1552	115	3	17.93
185	362	3	18.21
473	103	3	4.16
152	342	6	36.45
102	1371	3	8.92
164	1661	3	27.41
292	116	4	10.71
107	2704	5	42.62
102	434	6	12.14
101	1342	4	14.09
136	214	3	7.26
244	116	4	8.6
225	227	3	16.18
103	782	3	6.72
205	110	6	11.09
1911	14	5	16.86
266	170	3	14.94
102	2664	4	21.73
759	119	3	13.81
159	244	7	40.65
1053	975	3	40.19
12	4563	4	24.75
239	150	3	10.39
171	153	3	7.17
394	455	4	40.66
4787	1285	3	57.42
2438	112	3	20.05
616	207	6	57.42
101	318	8	12.48
249	1004	3	29.34
125	643	3	14.63
138	754	4	25.98
106	773	7	39.58
2948	14	4	15.6
12	999	9	32.93
117	1978	3	20.3
2778	12	3	10.52
278	139	11	66.52
3495	12	3	12.02
132	398	3	12.57
113	2396	3	20.29
313	139	4	17.01
118	479	3	10.6
112	394	4	13.01
124	1312	4	28.74
115	279	4	9.7
375	131	4	18.28
869	103	5	17.8
121	1289	3	17.95
2603	108	4	30.87
113	102	90	83.59
637	132	3	15.66
122	165	4	5.18
102	793	3	5.67
2055	119	3	20.59
112	1023	3	14.3
106	137	63	235.4
138	102	73	147.26
143	447	3	15.13
107	938	3	12.83
105	967	7	40.61
2458	14	3	8.16
887	101	3	6
45	200	3	9.42
135	166	6	15.58
2355	101	3	12.36
735	14	4	3.96
404	176	10	88.92
259	129	5	18.48
105	653	4	14.39
232	137	14	80.54
268	102	14	31.38
120	231	5	12.43
107	622	6	29.36
117	3964	3	26.34
107	802	4	18.24
1591	104	3	12.91
129	156	20	82.47
129	113	26	54.54
144	107	11	10.89
214	12	16	13.85
136	802	4	25.97
1476	111	6	43.86
136	622	3	16.04
112	649	3	11.29
277	306	4	31.17
12	5914	3	18.56
109	101	72	30.26
402	14	14	28.97
1392	14	7	24.54
112	804	10	69.66
379	118	6	25.82
173	134	5	12.59
190	156	9	44.4
139	168	5	12.69
109	256	4	7.12
168	231	4	19.36
147	433	26	266.61
953	102	3	6.51
966	12	3	4.02
106	4753	3	28.64
326	102	8	13.46
1499	157	3	25.34
101	865	7	26.28
210	1461	3	30.14
120	322	3	7.62
134	180	3	5.08
304	106	5	12.95
106	471	7	31.46
921	138	3	18.92
106	216	6	11.33
12	403	14	34.38
463	188	3	20.58
2386	130	3	24.67
118	1655	4	27.77
1739	1341	6	106.53
104	247	40	204.05
101	3304	3	15.08
101	5402	3	21.7
179	165	46	409.44
101	3152	3	15.08
186	3050	3	34.47
196	137	9	37.39
133	247	6	24.56
210	385	6	50.34
1494	14	4	9.4
107	1800	3	17.44
137	173	13	57.95
1636	14	4	10.24
113	145	12	16.82
2823	14	4	15.6
301	101	11	21.9
9	268	4	15.48
112	2703	3	21.28
276	108	3	4.65
2116	130	4	34.55
2492	102	3	12.6
501	102	5	9.7
12	1674	3	6.99
112	551	8	44.37
191	170	3	10.91
234	104	5	4.42
470	102	6	12.72
59	272	3	9.59
341	117	12	65.27
564	173	8	73.89
2722	103	3	15.28
1042	14	5	10.16
16	262	8	32.14
102	3706	4	29.27
937	126	3	17.32
57	14	60	28.38
1186	14	5	11.55
2356	14	3	8.16
105	353	4	8.67
888	14	7	16.65
124	3135	3	26.25
265	164	6	36.27
595	13	3	17.47
381	112	3	7.76
451	124	3	12.26
131	133	5	3.98
121	725	3	14.28
254	132	3	8.48
283	952	4	42.81
124	1540	4	30.54
101	1327	3	8.69
1557	101	3	9.86
159	147	28	165.38
120	147	6	4.62
418	106	4	12.42
183	139	3	5.75
135	151	7	14.62
623	123	7	45.96
422	12	5	3.87
284	154	3	12.63
149	117	6	4.79
117	372	13	77.43
106	1304	3	14.77
113	399	5	18.83
686	103	5	14.92
114	425	8	40.08
235	459	3	23.44
104	3822	3	20.44
113	149	13	22.16
113	204	12	39.82
179	154	18	107.97
2387	12	3	9.37
102	2571	3	13.79
690	12	4	4.71
109	504	3	9.16
119	5393	3	31.12
242	1336	3	31.04
12	6071	3	18.56
114	3941	3	25.54
101	2530	3	13.54
117	1492	3	18.03
110	361	3	6.84
130	172	11	42.73
104	208	20	58.34
642	207	10	109.02
125	116	10	6.28
172	14	21	8.31
125	225	4	10.23
245	1569	4	46.2
104	5130	3	24.91
1046	14	7	19.38
1344	101	3	8.69
16	59	85	453.92
755	108	3	11.64
150	230	12	72.86
299	120	3	7.06
111	271	4	8.65
105	412	9	38.17
12	1021	5	12.08
1208	12	3	5.03
119	1575	5	38.07
176	148	4	10.94
262	134	4	14.08
185	513	7	62.15
8	1120	4	29.47
102	335	11	26.25
141	418	6	37.12
2835	14	3	9.29
174	122	4	6.25
804	147	5	37.55
105	1319	3	13.88
2936	145	5	54.82
2028	120	5	41.39
742	14	6	10.08
111	1144	8	59.57
136	134	5	4.67
106	993	5	27.35
226	102	7	4.26
107	328	12	55.19
110	792	4	18.64
2063	120	4	30.5
773	14	4	4.23
166	120	6	9.56
1011	138	3	19.68
39	391	3	15.98
8	202	4	11.26
121	2563	3	23.61
2395	110	3	19.61
171	101	17	17.64
310	106	3	5.23
105	258	7	15.89
194	307	3	17.39
943	102	4	10.93
364	121	3	9.44
146	168	7	24.14
288	102	7	8.39
338	12	9	10.17
101	4082	3	17.25
112	4984	3	29.55
107	1560	4	25.05
102	473	8	21.87
101	1230	4	13.37
185	160	8	39.42
406	14	11	17.62
1398	14	7	24.54
101	1162	5	18.41
3521	14	3	10.76
2403	14	3	8.16
101	1536	6	28.51
186	648	3	22.64
251	115	5	12.32
1658	14	3	5.85
748	117	4	20.07
121	1093	4	25.25
678	109	3	10.97
12	4265	3	14.16
216	365	5	39.54
370	151	4	21.67
508	146	3	16.19
591	14	6	7.97
106	786	7	39.58
104	105	239	648.47
655	12	4	4.47
1181	109	3	14.59
361	386	5	49.06
750	113	5	25.83
124	1812	7	67.43
12	1314	3	5.9
103	438	7	19.37
482	12	11	26.07
122	111	11	4.57
102	678	3	4.75
201	754	3	24.98
1461	101	4	14.89
2379	14	3	8.16
140	14	73	68.29
106	6136	3	28.64
1611	101	5	22.58
164	151	4	10.11
1845	12	3	7.66
192	224	3	14.08
362	12	9	11.48
114	188	4	4.41
747	102	4	9.01
102	882	14	80.83
112	714	16	129.62
134	139	8	14.21
120	244	3	5.39
143	188	3	6.64
2687	119	3	22.83
120	104	45	42.74
110	273	6	16.92
168	147	3	5.88
105	718	4	15.4
443	12	8	13.17
158	104	15	15.93
102	597	6	15.96
102	673	4	8.38
210	486	3	22.59
104	1563	3	12.91
139	505	3	15.1
231	116	3	4.43
336	14	9	7.17
4116	14	3	12.87
103	1227	3	9.84
153	263	4	17.57
1417	159	3	26.01
120	544	3	11.76
118	3301	3	24.16
120	121	24	42.23
395	125	6	31.08
293	337	4	32.92
350	120	8	37.73
1356	171	5	51.37
183	164	3	9.63
104	469	4	8.91
121	248	5	14.78
5737	1026	3	56.03
117	1228	3	16.9
109	116	58	134.65
104	1239	4	17.45
5752	14	3	17.26
200	135	12	57.7
112	2429	3	20.05
12	1448	3	6.41
112	701	11	75.52
102	852	3	5.93
144	121	12	23.15
460	195	3	21.1
2806	12	3	10.52
105	1408	3	13.88
108	375	3	7.04
2101	12	3	8.44
230	128	4	11.37
132	137	34	147.11
2849	14	3	9.29
1325	101	3	8.69
153	1105	7	66.49
4189	14	3	12.87
13	196	3	7.62
1187	12	6	18.75
364	104	5	10.09
622	104	4	11.29
1596	161	3	26.72
16	39	23	86.13
202	258	3	16.25
1015	103	5	19.7
360	14	10	11.17
112	446	4	14.33
512	1285	4	52.57
198	1333	4	41.23
108	330	3	5.8
1044	144	5	40.16
2003	123	5	44.21
105	1206	3	12.87
117	767	6	36.07
876	165	5	44.23
155	142	11	38.15
104	2007	6	40.89
229	12	10	3.94
106	3378	3	21.94
2094	113	5	39.12
1282	12	3	5.44
2945	113	3	21.52
115	206	6	12.99
1105	113	9	69.32
163	270	3	14.07
163	195	3	10.26
423	9	15	122.56
2214	1008	6	107.71
515	261	3	25.28
5062	14	3	17.26
155	101	80	242.13
278	112	3	5.28
222	124	3	6.04
106	2462	3	19.15
111	252	3	4.29
121	919	3	15.82
102	3722	4	29.27
106	740	4	17.26
142	258	3	9.81
1899	12	3	7.66
112	1245	7	51.12
101	219	21	46.72
13	114	10	12.58
119	426	3	10.22
101	540	4	6.56
107	148	10	10.07
102	1281	5	19.68
2	218	4	6.72
131	145	5	5.95
207	112	9	25.03
101	4056	3	17.25
1647	14	5	15.48
1193	1099	5	76.66
132	216	3	6.92
455	104	5	13.23
102	392	10	26.89
550	158	3	18.85
136	148	13	40.37
1693	12	3	6.99
368	113	3	7.65
109	197	4	4.04
3173	4068	3	60.24
139	111	8	4.45
2883	102	3	13.79
241	104	6	7.32
136	759	3	17.32
2117	14	4	12.38
114	297	10	43.25
124	1928	3	22.42
107	759	5	24.71
120	187	6	12.12
101	933	3	6.3
134	14	78	60.78
492	12	8	14.81
112	5532	3	29.55
110	404	4	12.64
101	627	4	7.53
311	227	3	19.42
1725	103	3	12.26
361	554	3	28.92
311	176	11	89.96
107	969	5	27.61
106	157	29	94.38
128	731	3	16.06
280	118	13	65.08
942	2276	3	45.69
372	106	4	11.24
102	644	11	45.86
1019	110	3	13.87
113	133	18	28.81
113	275	9	34.6
123	2211	5	46.41
109	587	4	15.75
267	111	4	8.47
4530	14	3	12.87
127	667	3	15.09
169	139	7	22.36
122	151	6	7.52
125	2	14	13.6
101	673	7	21.97
124	885	3	16.52
1145	104	3	10.71
1368	12	3	5.9
436	12	12	28.62
138	249	4	14.02
111	630	3	10.98
600	202	3	23.45
3559	207	3	38.43
178	131	7	21.45
165	133	4	7.18
124	4342	3	28.47
2925	14	3	9.29
127	1836	3	22.1
1141	14	3	3.98
104	566	3	6.26
110	182	6	8.35
120	146	11	17.93
125	361	5	22.35
232	117	5	12.1
304	161	3	14.44
164	303	10	75.07
554	944	3	35.75
514	292	3	26.56
149	227	3	9.61
317	120	32	243.63
272	166	4	21.47
101	1266	3	8.2
247	134	3	8.45
132	242	3	8.02
141	1521	3	22.82
127	1172	3	19.05
2	12	121	81.9
121	687	5	28.35
106	1046	4	20.4
866	101	3	6
2479	14	6	28.89
1564	14	3	5.85
512	14	6	6.35
102	1358	4	14.41
2352	106	4	28.68
124	584	4	20.89
112	1322	4	24.25
2334	101	3	12.36
127	307	7	33.62
108	237	4	6.2
189	142	4	10.64
384	109	5	17.09
1033	101	6	22.77
186	804	3	24.01
1477	14	3	5.29
124	1212	3	19
119	1362	5	35.65
128	101	85	155.1
1846	14	3	6.49
189	101	21	33.14
332	59	3	11.06
102	4955	3	21.95
4376	14	3	12.87
112	396	3	8.12
102	219	12	15.76
128	142	10	20.63
191	195	3	12.13
1246	12	3	5.44
112	1220	4	23.49
341	137	4	17.92
1934	12	3	8.44
349	121	3	9.02
112	1339	3	16.19
292	12	18	34.95
124	359	30	258.44
155	1463	3	24.95
2	391	5	19.26
106	2479	3	19.15
452	14	9	13.53
1161	103	3	9.37
1644	14	3	5.85
924	101	4	10.63
127	1219	3	19.55
3386	102	3	15.32
275	125	4	13.1
497	121	3	11.91
1045	12	5	12.08
101	392	11	30.88
13	152	4	6.81
244	125	5	16.34
102	540	4	6.84
1675	14	10	57.53
159	106	32	117.49
691	14	7	12.71
982	124	5	34.45
3506	14	3	10.76
1537	14	3	5.29
141	143	8	18.36
2364	14	4	13.79
650	106	3	10.43
113	563	3	10.67
129	164	12	43.8
186	394	5	37.4
219	2612	5	67.2
113	411	4	13.66
2081	14	3	7.25
102	933	5	15.99
102	881	3	6.21
1323	104	3	11.7
277	104	4	4.08
2110	109	4	27.59
200	260	3	16.27
605	12	10	27.05
1650	1600	10	214.15
638	12	10	27.86
12	239	26	52.67
12	299	60	311.46
106	580	7	35.17
12	164	19	6.41
102	1705	3	10.1
182	227	5	27.68
2114	14	3	7.25
182	176	10	59.14
543	122	3	13.06
119	650	23	220.51
1808	605	3	40.95
106	327	4	9.4
294	116	3	6.48
552	13	4	25.14
255	135	3	8.8
125	131	9	11.78
1938	111	4	28.26
772	12	5	8.93
672	123	3	14.69
247	1043	3	29.34
160	21	3	5.4
196	117	30	159.48
108	656	4	16.51
428	119	5	22.12
2459	128	6	61.74
113	108	25	18.21
103	523	3	4.74
13	1675	9	102.93
896	14	5	8.48
102	627	5	11.86
791	12	5	8.93
12	169	16	4.28
12	126	41	5.17
12	288	63	329.08
321	14	23	53.49
249	116	4	8.74
101	949	3	6.3
120	214	6	15.68
107	667	4	16.44
103	255	11	22.02
781	358	3	30.9
703	101	3	4.76
190	139	6	19.61
133	366	4	18.16
312	111	3	5.91
2780	113	3	21.52
173	104	7	4.02
458	12	9	17.23
1378	12	3	5.9
200	263	14	122.16
159	617	3	20.11
417	113	13	77.65
718	12	5	8.52
1646	12	3	6.99
140	289	3	10.96
228	465	3	23.05
12	1312	4	10.22
2610	115	3	21.78
113	118	23	24.64
122	225	3	5.72
3399	14	3	10.76
316	108	3	5.56
169	14	27	16.4
122	116	11	7.04
153	135	11	32.99
283	108	3	4.91
148	116	12	21.2
135	361	3	11.95
380	125	3	10.96
104	121	24	8.09
102	5287	3	21.95
178	303	4	23.8
392	123	4	16.98
101	335	8	13.81
1191	102	3	7.98
2468	14	4	13.79
101	3001	3	15.08
167	122	4	5.29
146	418	3	14.72
108	271	26	150.51
3423	14	4	18.12
1268	115	4	24.15
3260	115	3	23.35
21	45	9	31.62
1205	12	3	5.03
112	381	12	64.84
115	102	252	716.87
145	137	11	29.71
1302	113	6	41.76
245	647	3	26.14
123	375	4	16.48
175	635	3	21.91
101	1359	4	14.09
211	500	3	22.82
102	2859	3	13.79
319	216	4	27.75
247	106	4	6.49
778	14	6	10.59
634	133	4	23.39
1571	108	3	16.75
2590	14	3	9.29
345	14	30	96.9
4328	14	4	23.01
107	307	6	18.05
112	1609	6	45.72
154	123	7	11.91
254	102	9	11.26
166	231	3	12.44
106	860	3	12.02
104	2311	4	23.75
1798	14	3	6.49
969	59	7	57.87
102	1162	3	7.98
101	473	20	96.14
102	1230	3	8.43
12	2124	3	8.44
137	1071	6	49.75
103	750	3	6.47
211	561	3	23.6
157	160	4	10.65
102	510	7	18.47
1278	102	4	13.69
1297	12	4	9.54
338	8	5	24.76
141	472	3	15.03
174	102	10	4.27
257	219	3	17.2
102	3055	3	15.32
102	4973	3	21.95
211	230	12	97.48
2805	14	4	15.6
328	559	4	39.79
121	3414	3	25.19
208	59	3	6.91
248	115	5	12.03
1665	14	3	5.85
102	1536	3	9.48
105	426	5	15.92
1021	119	5	32.12
243	174	3	14.05
101	678	4	8.09
101	730	5	13.06
477	12	7	10.54
101	798	4	9.41
106	309	6	17.93
12	438	12	28.62
106	233	6	12.77
187	146	8	32.57
3308	14	3	10.76
1570	106	8	66.43
1119	118	5	32.48
124	2181	4	34.42
3581	138	3	30.56
375	101	5	6.27
637	102	5	11.86
102	645	4	8.09
210	458	6	53.43
113	132	22	42.14
112	737	3	12.03
102	975	5	16.62
157	671	4	29.03
129	139	34	146.14
839	3594	3	50.06
147	1264	3	22.3
1338	14	3	4.8
126	133	6	5.12
186	4908	3	41.19
139	234	3	8.49
127	872	4	25.25
1310	14	3	4.37
1909	149	3	25.34
105	681	3	9.31
104	517	14	73.01
120	339	3	8.16
1458	102	3	9.48
12	139	32	5.11
291	109	3	5.06
118	151	60	304.95
132	117	17	30
124	1414	3	20.13
123	220	16	82.98
399	122	5	23.18
1095	133	10	95.8
205	131	3	6.32
5863	14	3	17.26
272	116	3	6.07
922	14	5	9
171	131	17	80.84
188	108	8	15.18
2157	14	3	7.25
101	434	20	91.72
16	463	6	31.22
16	515	4	18.63
146	151	12	42.19
166	244	3	13.11
166	296	3	14.93
166	104	8	4.34
943	132	3	18.22
12	4221	3	14.16
121	1009	4	24.66
57	170	3	4.96
13	475	3	15.93
979	176	5	47.3
3376	14	3	10.76
1	9	6	20.82
107	462	11	61.07
103	999	5	19.02
112	367	5	17.22
114	1073	3	15.18
2723	144	3	27.67
118	504	7	37.8
105	1199	5	27.25
2409	12	3	9.37
2485	111	3	19.96
102	830	5	14.88
127	2475	3	23.99
217	1362	4	42.58
4197	14	4	23.01
160	122	4	4.44
1317	101	3	8.69
101	2589	3	13.54
264	138	3	9.57
457	117	7	36.41
3334	12	3	12.02
150	2399	3	27.45
120	276	3	6.56
134	305	3	10.3
1804	4593	3	60.01
134	113	9	5.7
12	195	21	19.42
397	14	7	5.77
105	790	3	10.06
104	530	9	38.1
326	122	4	14.1
110	101	105	97.62
104	380	17	79.83
110	241	5	10.23
193	427	3	20.46
368	14	11	14.73
206	510	3	22.77
133	380	3	12.26
190	115	8	17.99
112	726	6	32.97
102	914	4	10.93
114	307	4	10.48
263	102	9	11.9
156	113	22	65.93
333	102	5	5.04
109	168	6	6.8
402	170	3	18.75
186	446	4	29.44
343	118	4	12.81
432	14	8	9.7
144	120	14	27.79
102	865	3	6.21
1387	14	4	8.66
110	142	24	54.6
298	102	16	44.21
135	168	3	4.57
237	599	4	36.14
121	206	15	67.37
711	14	8	17.32
208	683	3	24.66
148	124	6	7.59
199	112	4	4.97
101	780	5	13.51
102	2018	3	11.63
106	1410	3	15.3
113	122	17	17.5
1256	101	6	25.84
855	427	3	33.26
2700	110	3	20.84
718	111	3	11.95
231	168	6	33.93
758	205	3	25.16
615	102	4	7.55
112	592	4	16.79
484	12	13	35.49
163	170	6	26.08
186	701	8	79.56
124	1314	3	19.54
136	2787	3	26.43
9	14	76	67.42
1287	16	3	17.9
1780	115	3	18.68
2353	14	3	8.16
57	268	4	14.89
1456	101	4	14.89
114	1851	3	18.65
400	347	4	37.2
12	1049	3	4.33
208	291	3	18.05
360	113	4	12.05
106	771	3	11.44
12	869	4	6.58
320	151	7	42.48
102	1327	3	8.92
1691	328	5	65.39
103	2109	3	13.09
12	735	4	5.26
787	12	5	8.93
131	108	10	5.16
309	285	3	21.92
101	3963	3	17.25
266	14	51	186.61
1539	598	3	40.19
118	234	3	4.77
119	4097	3	26.63
670	120	4	19.47
104	1813	3	13.64
494	134	3	14.47
108	2879	4	30.87
381	455	3	28.22
4026	108	3	24.37
121	951	3	15.82
101	3121	3	15.08
314	14	21	43.47
118	1198	3	16.45
106	2494	3	19.15
419	102	7	15.2
102	1557	3	10.1
107	424	6	24.06
125	694	3	15.13
154	352	4	21.49
4655	104	3	24.91
124	422	26	232.81
105	3971	3	22.7
556	113	3	10.67
114	887	3	13.67
12	1686	3	6.99
461	12	5	4.6
1080	108	6	37.68
625	13	4	26.03
9	126	11	21.86
108	255	3	3.87
285	14	15	18.52
804	106	5	24.96
229	116	4	7.68
104	1938	4	22.25
159	162	9	41.36
1054	14	5	10.16
116	1838	6	49.92
5762	14	3	17.26
338	110	3	6.36
127	514	4	20.79
207	9	7	28.31
102	435	9	25.29
586	102	4	7.3
2824	12	4	17.3
59	539	3	15.09
682	12	5	7.77
101	400	10	26.57
1726	119	3	19.73
131	118	9	7.16
166	135	5	11.36
673	59	3	16.42
165	935	3	23.45
120	230	3	4.82
133	1120	3	19.48
1185	12	5	13.52
135	12	34	4.81
151	102	23	16.05
203	119	5	10.3
891	1088	5	73.01
109	165	6	6.16
156	179	3	7.89
736	139	3	17.52
109	12	98	21.78
116	1329	6	44.77
126	102	52	52.3
2216	103	6	41.26
145	907	5	38.39
1714	9	3	23.75
144	230	3	8.97
158	120	7	10.25
1840	14	4	11.22
114	530	3	10.69
102	732	3	5.18
224	59	3	7.52
160	310	3	14.57
103	2742	3	15.28
105	1729	4	23.98
140	113	20	42.31
218	102	28	79.42
358	109	5	15.92
486	104	3	5.45
900	102	4	10.49
1318	12	3	5.9
119	2613	3	22.83
1869	14	3	6.49
148	101	22	11.33
199	115	6	12.23
102	1894	5	24.43
121	369	3	9.66
130	281	5	20.63
1406	14	3	4.8
3877	153	4	49.79
172	113	6	8.9
107	894	4	19.1
102	1976	4	18.39
106	174	19	61.14
187	134	3	5.39
141	3483	3	28.95
1912	12	4	12.85
102	841	4	10.09
916	12	4	6.98
104	3836	4	33.22
12	1270	8	32.64
851	14	6	11.7
977	106	3	13.03
12	6065	3	18.56
2808	14	4	15.6
570	105	4	13.51
159	648	3	20.35
3272	103	4	26.34
297	103	5	5.62
214	256	3	16.95
102	1095	4	12.45
250	125	6	22.19
101	1763	3	10.57
106	1190	3	14.28
209	102	13	16.88
143	228	3	8.85
590	111	8	45.39
134	179	5	12.74
168	306	5	31.28
151	311	3	12.78
150	857	3	20.15
183	129	5	12.24
270	120	10	44.42
4245	14	3	12.87
119	353	3	8.41
2726	101	3	13.54
2371	14	3	8.16
3297	14	3	10.76
13	164	3	5.59
226	157	3	10.88
1488	103	3	10.91
420	120	5	21.93
866	110	3	12.79
101	355	9	18.89
654	112	3	11.29
12	2437	3	9.37
3451	12	3	12.02
474	12	6	7.47
104	1090	6	29.92
166	121	5	7.48
102	3962	3	17.5
1124	5192	3	56.46
141	154	12	42.1
505	12	5	5.23
416	168	3	18.56
105	1580	3	15.11
170	116	6	10.18
123	14	68	19.18
103	614	3	5.42
103	690	3	6.02
2609	101	4	21.4
272	153	4	18.42
136	135	7	10.25
388	166	3	17.49
101	1326	3	8.69
145	308	4	18.17
121	5520	3	31.9
191	169	5	22.56
412	173	6	46.74
191	126	10	37.14
101	1371	8	42.81
769	346	3	30.56
21	57	7	14.5
104	1935	5	31.03
108	238	5	9.78
765	12	4	5.56
5187	1245	3	57.42
243	158	3	11.76
105	486	3	7.39
734	12	5	8.52
597	101	3	3.99
2237	14	4	13.79
102	1552	4	16.12
269	105	8	22.04
110	795	5	25.73
2	163	11	25.24
773	12	4	5.56
16	445	4	17.23
112	5737	3	29.55
102	4103	3	17.5
381	12	8	9.96
2576	112	3	21.28
115	383	3	8.33
157	16	8	14.81
101	1180	3	7.75
185	209	5	26.6
272	164	7	45.44
102	591	6	15.96
185	313	3	16.79
141	238	6	26.24
429	119	4	15.89
136	2941	3	26.43
535	119	5	24.77
229	139	10	50.7
230	404	3	22.09
105	1109	4	19.08
390	138	3	13.12
433	115	3	9.39
145	105	13	11.48
746	103	4	10.82
128	14	64	23.35
2363	14	3	8.16
2115	14	6	25.75
401	686	5	57.84
1208	14	6	16.32
828	115	3	13.38
59	185	13	58.83
16	191	6	13.67
124	4810	3	32.96
167	146	3	5.47
150	109	8	6.56
1472	1012	4	60.58
111	197	4	4.52
105	551	5	18.81
116	721	3	13.09
104	3129	3	18.24
2422	14	3	8.16
203	519	5	43.25
1645	14	4	10.24
236	115	3	4.22
944	103	3	7.86
112	2341	6	53.39
2248	115	3	20.55
835	708	3	36.48
102	640	5	11.86
112	920	7	45.08
137	228	3	7.93
587	109	3	10.09
101	1776	4	16.84
1245	12	3	5.44
514	16	3	12.22
102	2317	4	19.86
117	421	4	15.32
117	371	3	8.79
241	122	4	10.56
297	106	3	4.94
190	166	5	21.62
139	180	3	5.62
101	2137	4	18.06
468	1198	3	36.1
838	105	3	10.64
531	4008	3	47.26
2	674	3	12.15
209	107	4	4.81
106	483	3	8.55
103	1566	3	11.54
134	168	3	4.47
882	12	9	30.33
110	330	4	10.06
12	101	252	13.25
8	713	4	25.66
328	2113	3	36.86
129	101	33	15.65
129	166	18	80.68
101	1791	5	24.02
362	14	7	4.23
102	879	5	15.42
101	1739	4	16.84
624	104	4	11.29
149	193	4	12.35
126	107	22	30.78
156	370	3	15.42
133	242	3	8.1
102	2473	3	12.6
1480	161	5	49.77
218	107	6	11.85
140	12	41	18.51
113	230	4	6.84
482	14	6	5.55
122	112	19	21.54
128	766	4	24.24
260	103	6	6.26
114	443	5	20.91
274	138	5	21.71
2886	14	3	9.29
101	722	7	23.24
1976	101	3	11.39
199	124	3	5.02
148	112	8	6.95
104	102	149	79.18
165	177	3	9.35
110	375	8	34.69
104	242	11	24.88
392	104	5	11.19
995	102	5	16.62
59	127	10	16.98
143	1028	4	30
2800	12	3	10.52
106	785	5	24.45
181	132	3	4.98
101	2954	3	13.54
116	672	3	12.58
111	116	22	19.41
3390	14	5	28.76
387	120	3	9.33
314	153	4	19.85
278	131	11	63.06
2	508	3	10.49
102	5005	3	21.95
2022	14	4	12.38
1552	12	3	6.99
115	215	6	13.74
545	102	5	10.55
115	121	31	58.51
102	474	5	9.19
273	1063	3	30.96
261	146	6	28.66
170	139	3	5.38
560	103	3	5.06
141	211	3	7.92
347	1066	5	61.22
162	4913	3	39.42
309	14	21	42.83
166	192	3	10.3
151	819	5	38.72
595	103	4	9.31
853	116	3	13.96
462	59	3	14.01
1528	113	3	17.02
208	410	5	40.84
476	219	4	32.98
142	366	4	19.85
121	1681	4	29.13
108	273	3	4.59
189	220	5	27.87
526	101	5	10.19
709	120	3	13.31
615	107	4	15.84
763	12	4	5.56
262	109	9	30.1
136	352	5	24.7
101	1464	4	14.89
251	111	4	7.61
390	12	6	5.21
115	296	4	10.09
107	352	4	10.58
59	163	4	7.21
1	2	9	24.41
1135	117	3	16.41
16	232	4	9.28
166	149	3	5.94
1187	14	5	11.55
104	875	6	26.54
2	185	23	98.04
150	378	7	46.38
107	109	23	10.46
124	235	26	169.63
254	104	5	5.43
1010	109	3	13.73
136	109	36	96.26
272	139	3	10.13
114	719	3	12.49
636	102	3	4.37
103	645	3	5.81
245	1079	6	69.42
195	204	3	13.29
1678	135	3	22.52
1631	14	4	10.24
109	179	5	5.15
333	107	4	9.94
1144	12	3	5.03
252	703	5	50.51
135	222	3	7.54
2196	125	4	34.52
105	850	4	16.57
315	195	3	17.66
120	122	25	50.14
101	895	5	15.03
101	1099	3	7.34
112	2059	3	19.04
114	1232	3	16.12
367	176	6	44.63
148	180	3	6.81
833	109	3	12.32
336	12	11	15.76
2004	717	4	60.65
178	113	7	12.33
1244	102	4	13.69
121	500	9	56.7
178	156	5	17.85
426	3006	4	61.98
149	456	3	16.09
122	115	21	29.7
8	3491	4	41.81
200	471	4	31.31
318	173	13	111.95
160	120	7	11.38
85	156	4	8.44
145	622	8	63.7
235	381	4	31.52
101	624	6	15.94
1242	119	4	25.55
153	174	6	22.23
496	161	3	18.72
744	14	9	22.61
628	108	3	10.41
130	160	10	31.46
104	595	9	40.19
104	443	5	12.97
134	12	42	12.47
103	1573	3	11.54
263	107	3	4.04
318	369	3	24.49
101	5464	3	21.7
180	628	25	329.36
3173	4067	3	60.24
104	1153	6	30.96
137	997	3	19.16
152	250	6	30.33
220	1267	3	29.53
170	14	20	6.69
1003	118	5	31
244	141	3	9.34
101	1193	7	31.61
207	111	4	5.42
126	633	3	14.78
108	361	3	6.62
106	2129	4	27.17
2	127	10	6.33
684	12	4	4.71
12	779	15	65.96
3369	14	3	10.76
751	115	3	12.51
124	318	3	9.16
102	1160	5	18.81
101	423	7	15.01
1247	14	4	8
3247	2674	3	56.42
597	115	6	31.33
470	120	3	10.71
106	4513	4	38.19
424	165	3	18.27
121	1074	3	17
105	366	6	18.39
604	125	3	14.17
459	12	5	4.6
104	2053	3	14.48
101	3798	3	17.25
116	2127	7	65.55
205	523	3	22.79
1282	14	4	8
101	1449	3	9.24
111	3713	3	24.98
713	524	3	33.95
725	106	3	11.17
165	147	7	23.49
104	327	8	20.23
255	109	5	10.82
224	1580	3	31.46
148	139	11	32.35
12	377	23	77.03
137	1517	3	22.08
102	828	3	5.93
102	760	6	18.96
102	656	3	4.55
318	176	10	80.32
140	131	11	25.89
133	327	4	16.48
859	439	4	47.19
149	105	38	109.11
277	133	4	14.92
156	198	3	9.33
102	964	3	6.84
603	12	4	4.01
144	132	7	11.9
102	912	3	6.51
129	197	10	40.68
746	993	3	37.82
8	620	12	103.62
245	1252	3	30.67
151	187	3	7.47
481	106	3	8.55
121	297	3	7.71
183	150	9	40.57
308	538	3	27.28
2423	14	3	8.16
643	176	3	22.15
208	443	5	42.16
710	14	5	6.4
144	1908	3	24.54
102	1344	5	20.65
101	358	5	5.66
2	114	20	15.58
1167	12	3	5.03
223	705	4	36.59
309	128	3	9.69
141	179	9	35.98
207	12	12	5.16
127	426	6	33.5
803	104	4	13.3
302	113	5	14.55
145	534	14	126.34
261	120	3	5.82
4268	14	4	23.01
152	143	4	6.29
1283	266	3	31.62
713	9	3	17.48
102	507	9	28.44
102	575	3	4.02
112	173	27	113.81
400	1337	3	35.93
115	202	18	74.77
102	252	28	94.62
136	393	3	12.81
1121	101	4	12.13
234	122	7	25.23
121	5547	3	31.9
342	118	36	296.88
313	12	11	13.43
332	102	5	4.92
111	142	14	20.39
299	102	14	34.94
108	1566	3	16.75
937	12	4	6.98
3049	12	3	12.02
466	14	20	65.99
739	697	3	35.58
120	890	5	30.19
903	124	4	24.52
59	200	18	101.33
105	2719	4	28.64
112	1309	3	15.65
102	1481	3	9.48
101	283	17	46.34
111	101	127	166.37
104	790	3	7.99
167	120	105	799.24
16	243	6	19.48
136	1259	3	20.75
102	1372	5	20.65
305	119	7	28.03
102	1508	3	9.48
102	237	7	4.99
107	1259	3	14.92
674	2	4	18.57
115	107	74	188.25
155	252	3	11.63
105	1353	6	37.86
356	105	9	33.87
947	311	3	30.76
1487	14	5	14.3
4304	14	3	12.87
119	3762	4	41.5
748	105	3	9.8
117	1017	4	23.25
117	1085	3	15.95
1008	797	13	228.22
121	1922	4	30.22
247	103	6	5.7
1196	12	5	13.52
137	1023	5	38.42
102	1178	3	7.98
989	12	3	4.02
310	123	5	19.72
254	107	4	6.95
105	59	16	13.26
131	106	12	8.29
288	120	7	27.14
177	143	6	19.69
1259	108	3	14.97
3375	14	3	10.76
101	962	4	11.09
395	115	3	8.57
4753	14	3	17.26
120	118	29	52.01
116	2843	3	22.38
107	602	4	15.84
104	429	11	45.23
564	1023	3	36.53
2033	132	5	46.69
151	121	8	12.33
624	119	3	12.55
156	111	6	4.56
1252	104	3	11.18
160	382	3	16.57
109	289	4	8.71
126	121	10	9.83
103	250	12	25.44
129	225	6	21.59
798	101	3	5.45
129	116	10	8.23
7	200	3	20.32
103	453	3	3.9
158	108	7	6.31
273	116	3	6.07
12	1130	3	4.66
210	414	5	41.17
8	1714	4	34.47
102	813	7	25.22
316	162	3	15.28
133	117	75	348.55
1405	12	3	5.9
105	1726	3	15.85
130	21	5	6.91
165	104	11	10.36
104	117	32	14.39
2257	161	3	29.37
111	597	3	10.76
198	911	3	26.15
274	250	7	58.04
421	106	3	7.82
367	173	3	17.95
172	131	4	8.12
126	296	5	19.92
1450	12	3	6.41
402	12	9	14.35
129	153	4	4.34
12	1507	3	6.41
106	1287	7	49.01
103	1400	4	16.35
12	234	21	32.32
904	14	6	12.32
134	131	5	4.14
185	2090	4	43.82
101	1015	3	6.96
1304	14	3	4.37
16	876	3	15.43
151	104	15	11.59
4306	12	3	14.16
165	121	5	7.41
142	2414	3	26.19
2214	1215	6	110.93
2458	12	3	9.37
101	2557	4	21.4
116	235	3	4.65
1534	702	3	40.5
138	105	45	119.42
101	657	3	4.35
111	2524	4	31.68
102	2015	4	18.39
147	2996	3	29.58
101	761	5	13.51
199	116	5	9.48
1976	110	3	18.61
5652	14	3	17.26
2106	14	3	7.25
169	116	5	6.55
101	2108	5	25.74
112	1026	6	38.1
589	119	4	18.8
160	146	3	4.76
5659	111	3	29.46
323	113	14	72.62
582	14	18	66.34
105	1219	4	20.38
2964	207	5	71.62
108	257	9	29.03
804	108	3	11.93
118	432	5	21.72
536	105	8	37.59
370	141	3	13.22
59	114	8	4.41
2130	113	3	19.28
138	753	4	25.98
331	12	9	9.47
553	161	15	153.79
171	113	6	8.8
663	104	3	7.04
106	954	3	12.67
171	156	25	170.19
12	662	9	23.73
1407	14	5	13.27
127	1276	4	28.71
364	118	3	8.5
2	200	28	143.46
516	147	4	24.43
112	3062	4	34.42
180	101	15	13.88
118	115	12	3.92
4034	103	4	31.3
1554	5979	3	59.25
157	328	4	21.48
157	134	8	21.09
101	1226	4	13.37
300	12	8	5.5
281	102	7	8.1
170	128	3	4.19
123	142	15	37.93
180	142	6	19.59
108	555	3	9.79
3046	119	3	24.41
230	12	10	4.13
123	101	111	227.61
442	116	3	9.94
388	14	8	7.66
185	246	3	14.59
162	473	4	27.55
1299	102	3	8.43
180	1589	3	28.65
888	12	5	10.34
4472	12	3	14.16
114	3235	3	23.33
147	987	13	139.12
242	968	4	40.87
1042	12	7	22.22
101	3104	3	15.08
57	12	87	112.98
1488	348	4	49.76
542	118	3	11.48
112	1319	4	24.25
1375	16	3	18.44
491	14	13	31.16
1337	101	3	8.69
115	194	9	23.46
501	105	6	23.28
2600	110	3	20.84
137	803	5	35.27
112	496	3	9.71
163	317	4	22.73
112	412	9	45.08
101	1373	6	27.09
108	240	12	43.31
3311	12	4	19.84
398	258	3	23.1
1876	139	4	34.63
372	123	3	10.67
113	312	4	10.31
118	2168	3	20.34
113	146	10	11.31
101	5403	3	21.7
108	596	4	15.9
445	101	4	5.21
830	103	4	11.93
816	101	4	9.41
124	2315	6	60.21
293	488	5	48.86
249	569	3	25.51
101	864	5	15.03
112	1950	4	28.38
102	1808	3	10.81
431	12	8	12.44
101	916	3	6.3
579	107	5	21.75
120	249	3	5.49
12	319	19	43.31
2141	9	3	24.62
754	207	12	142.26
135	211	3	7.06
183	131	8	27.28
184	1707	3	29.64
1511	101	9	54.78
104	1169	3	10.71
518	3757	4	68.88
109	211	4	5.06
139	126	5	3.94
156	131	4	5.24
109	141	8	4.38
109	255	4	7.12
112	671	6	31.84
102	961	4	11.4
1392	12	3	5.9
101	1761	4	16.84
2946	139	3	26.91
106	1308	3	14.77
2404	113	4	30.21
119	1835	5	39.55
102	1015	5	17.29
129	131	44	198.59
1609	101	4	15.8
103	234	10	15.9
126	339	3	10.23
368	12	7	6.6
1585	3279	3	52.52
228	111	4	6.37
109	139	12	11.67
156	151	5	12.19
404	203	3	20.68
120	192	6	12.87
632	101	3	4.17
120	133	7	4.02
107	770	3	11.59
105	2413	3	17.7
232	105	15	50.95
729	112	6	32.97
12	131	43	11.68
255	157	5	25.15
227	133	4	12.08
106	105	51	54.44
294	141	3	11.01
990	14	6	13.71
103	1115	4	14.35
253	188	4	22.41
2494	12	3	9.37
168	363	5	34.04
147	235	3	9.54
649	12	5	7.43
130	233	4	12.16
109	522	3	9.51
375	156	3	15.54
489	102	4	6.01
102	829	9	38.91
102	761	4	9.35
114	487	4	15.58
204	116	4	6.39
102	657	6	16.86
114	353	7	28.81
113	187	9	21.07
2078	14	4	12.38
164	373	5	33.88
106	3374	3	21.94
410	133	5	26.71
189	271	3	15.9
287	156	8	50.87
287	113	6	18.9
248	125	3	7.1
124	511	15	119.73
222	223	5	31.71
278	101	8	10.26
1623	14	4	10.24
136	3977	3	30.24
111	143	23	54.4
4067	2281	4	83.43
337	112	5	15.97
142	396	4	20.86
102	1226	3	8.43
2157	12	5	20.63
107	206	16	58.16
103	662	7	25.27
103	610	3	5.42
399	121	3	10.27
170	156	3	7.72
136	206	3	6.88
109	777	3	11.74
118	320	12	62.42
266	213	3	17.47
4319	14	3	12.87
244	112	3	4.11
185	178	28	230.79
102	357	5	5.83
101	1347	4	14.09
1867	14	7	30.96
115	351	3	7.47
266	12	11	9.81
102	4713	3	21.95
319	119	8	35.17
1347	12	3	5.9
131	107	11	6.78
131	231	5	17.13
12	4432	3	14.16
574	181	11	112.21
101	584	4	7.02
124	301	5	19.46
456	227	4	33.17
208	369	5	39.26
181	564	6	52.04
104	2260	4	23.75
456	176	6	48.75
102	1373	3	8.92
220	301	7	56.47
119	59	7	4.25
360	153	4	21.62
39	114	12	23.77
57	184	3	5.39
200	1653	3	30.23
104	791	9	45.4
150	137	4	4.95
783	104	4	12.92
9	12	55	39.82
1215	8	4	30.81
9	165	4	8.03
515	109	3	9.51
342	192	3	18.26
101	1550	4	15.8
163	167	33	252.88
602	14	9	18.81
646	124	4	21.81
196	105	11	23.78
347	115	6	22.66
815	101	4	9.41
12	1301	4	9.54
103	452	3	3.9
316	104	6	11.68
138	121	16	34.63
187	109	10	22.87
106	260	25	133.8
1600	1002	10	191.12
1493	12	6	22.43
186	3764	3	36.7
5058	103	3	23.48
1056	14	4	6.4
117	1479	4	26.77
178	164	16	103.35
1168	14	5	11.55
183	234	3	13.94
105	700	3	9.55
105	836	9	54.27
101	2304	6	37.71
3508	559	3	45.23
134	151	4	4.61
1387	12	3	5.9
125	569	3	13.96
116	2844	3	22.38
101	1097	6	23.7
107	671	4	16.77
223	5017	3	43.62
107	603	8	43.66
1465	119	3	18.32
1409	102	3	8.92
102	1068	5	18.01
101	1724	3	10.57
432	12	15	42.22
102	916	6	21.62
132	4552	4	45.79
102	864	4	10.49
5847	14	3	17.26
190	131	14	64.79
2038	108	5	37.57
139	255	3	9.28
108	897	3	12.54
228	250	4	25.51
476	987	4	49.33
106	263	6	14.87
238	154	7	36.84
101	760	5	13.51
125	139	11	20.78
102	1895	4	17.16
110	389	13	71.35
109	416	3	7.97
118	946	4	22.26
179	141	21	120.27
218	105	15	47.82
140	153	5	9.32
113	161	9	15.16
113	104	42	23.71
122	238	4	10.49
104	1324	5	25.44
109	239	4	6.5
229	870	3	27.28
101	3637	3	17.25
135	14	50	14.02
2207	108	3	19.36
1185	14	5	11.55
135	239	5	18.63
168	324	9	68.66
101	912	3	6.3
321	2	3	6.78
101	964	3	6.62
584	626	5	61.48
288	107	4	8.44
146	179	3	6.32
2944	102	3	13.79
107	173	10	20.76
877	13	3	19.93
101	507	4	6.14
154	106	9	9.15
12	747	18	87.78
106	953	3	12.67
3126	115	3	23.35
12	815	13	53.28
220	371	7	61.76
101	1269	4	13.37
101	1344	4	14.09
1495	14	7	26.31
118	179	12	36.61
104	1765	5	29.28
108	142	46	157.92
285	12	10	9.2
127	206	6	19.19
102	283	30	122.05
378	227	3	21.32
101	1481	3	9.24
378	118	3	8.83
124	1131	3	18.5
5233	5412	3	71.47
59	180	3	5.13
1116	101	5	17.62
101	252	13	23.15
106	775	3	11.44
105	396	4	10.13
243	148	3	10.22
314	12	10	10.93
150	144	6	13.08
2168	12	4	14.03
248	12	13	12
181	123	6	14.57
394	111	3	8.04
102	1551	4	16.12
269	102	8	10.29
16	136	18	40.77
222	112	10	31.97
16	189	8	22.14
39	200	14	87.12
734	14	6	10.08
133	713	3	16.74
201	13	3	8.07
988	103	3	8.2
108	101	116	117.58
765	14	4	4.23
276	106	4	7.89
115	193	11	32.27
234	102	9	9.32
272	156	6	33.75
101	1178	3	7.75
505	14	7	8.82
159	311	4	21.73
105	1375	3	13.88
647	14	5	5.74
12	2436	3	9.37
2457	14	3	8.16
1910	369	7	104.87
131	194	7	23.92
265	166	4	20.98
337	223	3	20.08
131	277	3	9.4
106	1058	6	36.29
1182	102	3	7.98
105	666	4	14.39
112	3159	4	34.42
1597	119	3	18.98
104	398	10	36.49
209	105	8	15.13
120	204	4	6.92
2947	14	4	15.6
617	207	6	57.42
12	150	99	221.55
134	116	14	20.5
210	338	6	47.68
102	1098	4	12.45
106	1307	6	39.47
103	225	6	4.24
4452	4402	3	62.47
5632	14	3	17.26
686	106	5	23.06
103	116	31	5.48
697	12	4	4.98
149	121	14	34.04
2193	2	4	30.76
126	146	5	4.99
200	233	5	30.57
139	170	5	13.42
104	1222	9	58.83
246	121	5	14.69
851	12	8	23.69
117	224	11	41.78
109	465	3	8.68
102	630	8	26.72
122	141	20	58.89
122	211	4	8.92
102	842	3	5.93
235	394	3	22.23
101	745	4	8.71
255	118	4	9.28
101	609	3	3.99
153	108	7	4.88
1253	14	3	4.37
187	133	4	8.98
178	139	8	28.91
702	125	3	15.13
124	1348	4	28.74
157	424	7	51.87
189	255	4	22.41
155	220	11	66.36
332	118	4	12.3
498	101	5	9.35
278	116	4	10.32
110	1050	7	46.16
116	720	3	13.09
394	12	8	10.81
2218	2816	3	53.59
111	2995	5	49.11
105	2652	3	18.92
3544	102	3	15.32
447	119	6	29.46
13	154	4	7.01
6066	113	3	29.79
643	159	3	20.35
177	116	8	17.8
391	160	5	33.32
116	976	5	30.66
527	625	5	60.75
3079	706	3	46.65
207	116	4	6.68
132	105	74	251.8
105	1576	3	15.11
516	106	3	9.22
124	1553	4	30.54
119	1109	3	16.24
225	188	5	28.04
1595	12	3	6.99
115	440	8	41.02
388	113	7	30.54
157	172	3	8
114	800	3	13.05
352	128	3	10.82
241	123	3	6.67
1108	12	5	12.77
8	2020	4	35.74
144	145	12	38.19
335	103	4	4.27
113	501	3	9.93
102	1718	5	24.43
106	482	6	25.36
134	124	8	9.5
186	1319	3	27.72
12	317	7	4.28
1090	2064	8	154.16
121	228	6	18.06
3389	12	4	19.84
45	12	80	170.71
2906	102	3	13.79
121	365	6	27.31
147	219	13	76.27
104	258	5	5.51
130	174	10	37.09
102	1972	4	18.39
436	14	12	24.02
114	427	3	9.22
102	845	4	10.09
464	109	5	19.48
159	908	3	22.7
117	219	3	4.22
160	107	9	12.68
133	144	11	27.55
215	762	4	36.88
113	107	25	17.93
991	113	3	14.15
113	231	6	14.48
102	728	3	5.18
102	624	9	32.43
201	668	6	57.03
231	112	5	10.11
140	166	18	90.42
380	14	7	5.14
3547	14	5	28.76
486	108	3	8.9
146	931	3	20
12	419	29	128.75
103	1284	5	22.13
124	867	3	16.52
138	107	17	24.05
101	767	3	5.21
750	111	4	18.31
8	712	3	17.4
120	294	5	16.24
386	133	3	12.39
104	346	19	87.3
1694	14	3	5.85
121	59	8	7.58
168	145	5	14.04
151	306	3	12.69
116	344	12	64.62
109	304	3	5.34
333	120	3	7.97
439	16	4	17.02
149	194	4	12.54
312	115	5	15.36
2836	14	3	9.29
2476	130	5	48.67
112	832	6	34.89
102	880	5	15.42
144	102	41	52.74
1444	4743	3	58.58
691	12	4	4.71
1316	181	3	27.48
132	208	4	10.95
102	423	4	4.99
101	1228	3	8.2
101	1160	3	7.75
352	115	4	12.09
12	2081	3	8.44
915	110	7	44.07
427	103	6	14.51
205	14	20	14.93
116	4372	3	26.17
239	141	5	20.17
107	118	14	3.88
112	1597	7	56.81
185	1516	3	28.28
112	1477	6	44.04
105	3008	3	20.49
171	164	7	32.92
186	1787	3	29.75
3405	14	4	18.12
13	150	4	6.5
166	132	5	10.84
2815	12	3	10.52
118	1388	3	17.48
39	163	7	26.83
212	354	5	38.5
16	175	13	45.33
106	2482	5	39.4
452	12	6	6.95
1384	12	3	5.9
4405	12	3	14.16
1116	110	4	21.59
939	14	6	12.99
210	1709	3	31.57
102	1389	3	8.92
112	459	4	14.54
556	101	5	10.49
323	14	23	53.49
2161	14	3	7.25
176	108	5	4.96
228	950	5	51.89
384	148	4	21.67
189	238	3	14.47
1415	12	3	6.41
1889	118	4	28.86
101	591	12	49.44
102	1180	5	18.81
345	12	8	7.81
131	104	20	11.26
629	107	3	10.36
2	186	4	4.44
102	4884	3	21.95
118	238	5	12.68
518	5238	3	51.56
778	12	4	5.56
157	209	4	15.71
102	552	4	7.07
101	1209	3	8.2
1272	118	3	16.94
860	14	7	15.88
113	940	3	13.78
2327	14	3	8.16
3414	2000	3	54.15
115	105	99	257.41
2116	14	4	12.38
103	1020	3	8.56
106	2106	3	18.14
384	134	4	19.01
12	3543	5	30.94
174	146	3	6.24
104	1953	3	14.48
480	102	7	17.27
108	3758	3	24.37
728	101	4	8.71
3777	120	4	41.55
124	557	12	91.76
1835	2057	4	69.54
104	216	12	24.55
3076	103	3	16.83
380	126	3	11.33
1715	176	3	29.25
887	115	3	13.7
2386	14	3	8.16
119	850	6	37.98
106	323	9	34.91
107	920	3	12.83
101	640	3	4.17
551	309	3	27.49
106	1526	4	23.89
158	102	17	9.86
169	12	24	17.44
260	174	3	14.55
186	3079	3	34.47
718	14	4	3.96
109	432	3	8.24
140	124	6	6.12
930	101	6	21.14
772	1493	3	41.05
2580	2057	3	52.57
121	1271	3	17.95
109	115	24	18.09
109	223	6	12.47
126	120	13	15.42
1378	14	7	24.54
159	686	6	50.32
12	1490	5	16.34
235	119	19	99.06
121	3784	3	27.41
114	206	10	30.96
12	125	98	102.58
340	102	6	8.04
12	287	15	23.69
137	1339	5	41.97
321	12	16	31.49
102	1625	5	22.98
110	252	3	4.02
183	166	3	9.7
135	115	11	10.82
279	112	3	5.34
125	407	5	24.48
106	561	3	9.59
12	138	161	416.73
134	101	24	6.16
116	520	29	277.26
104	518	3	5.92
124	4609	3	32.96
110	237	4	6.48
149	107	21	47.33
200	174	3	11.93
126	193	3	4.85
116	1148	3	16.24
109	330	3	5.88
652	104	3	7.04
139	113	32	91.36
164	115	5	5.09
102	766	3	5.42
169	143	3	5.67
510	14	5	3.94
896	266	3	29.1
128	677	3	15.54
102	722	3	5.18
186	173	5	22.9
732	108	6	31.6
620	9	12	103.93
113	329	5	15.7
117	300	4	11.22
981	12	3	4.02
133	137	24	87.7
618	111	3	10.98
365	104	4	6.66
200	1310	3	28.4
3675	5303	3	66.97
308	168	4	23.31
104	137	64	166.58
125	112	11	5.77
477	14	21	73.66
104	697	3	7.49
105	425	10	45.74
105	367	14	67.76
39	185	17	105.39
1114	14	10	39.01
1665	12	3	6.99
269	117	16	85.29
702	12	4	4.98
101	1492	4	14.89
114	925	3	14.01
1086	109	3	14.14
234	117	3	4.73
2919	14	5	23.47
1913	14	4	11.22
108	538	5	21.13
664	107	3	10.59
171	139	10	39.98
5376	5493	3	71.47
12	846	8	23.69
420	102	10	29.25
581	107	3	9.94
154	188	6	23.76
188	104	15	28.2
105	2990	3	20.49
104	1027	4	15.6
216	248	6	41.91
104	891	6	26.54
146	141	11	32.29
559	103	3	5.06
131	147	6	9.11
160	151	4	9.25
218	303	3	18.74
358	12	6	4.05
140	104	16	9.03
407	207	7	62.23
620	103	3	5.61
113	234	8	24.13
124	1709	3	21.55
1307	14	5	12.36
112	911	3	13.55
260	14	25	45.02
122	108	14	8
665	223	3	25.05
103	1203	4	14.96
294	118	6	21.06
120	342	5	18.63
199	171	9	55.2
1341	14	3	4.8
165	284	3	14.71
548	203	8	78.92
2105	130	3	23.66
151	111	11	15.51
142	1053	3	20.35
980	14	6	13.71
1430	101	3	9.24
596	106	3	10
263	131	4	13.7
103	187	10	8.5
286	16	3	7.44
624	12	4	4.23
411	142	3	14.17
200	314	4	26.53
200	140	24	158.04
2373	130	6	62.71
114	640	4	17.7
163	350	7	50.1
101	1155	4	12.73
205	102	10	8.31
560	14	6	7.27
978	101	3	6.62
4598	207	3	42.93
319	101	30	129.33
141	145	4	4.82
118	292	3	6.66
219	252	3	17.13
131	124	6	4.31
177	194	3	11.42
1633	14	3	5.85
104	855	7	32.65
146	122	51	254.19
331	107	3	5.84
437	104	4	8.53
101	461	9	25.58
663	111	3	11.21
171	102	22	33.21
12	669	4	4.47
688	139	3	16.99
1296	12	3	5.44
1	39	3	9.12
101	258	7	5.85
57	13	9	21.28
150	320	3	13.03
12	4264	3	14.16
119	2952	3	22.83
222	145	6	25.59
159	2795	4	44.21
191	134	5	13.77
448	154	3	16.61
12	1830	3	7.66
746	14	4	3.96
145	101	30	24.01
103	877	5	17.8
191	178	5	23.41
117	2580	3	22.54
777	14	6	10.59
181	115	10	25.27
1219	101	4	13.37
606	627	3	33.57
59	136	11	24.22
102	1545	3	10.1
137	3233	3	28.21
111	193	5	6.95
2119	12	3	8.44
265	107	3	4.25
1204	12	3	5.03
699	116	3	12.83
101	412	10	27.5
877	101	3	6
483	105	4	11.82
608	14	17	61.56
1595	162	3	27.22
261	101	7	5.96
124	1608	3	20.8
192	702	3	23.62
5908	101	3	21.7
1820	110	3	17.75
101	1260	7	33.02
102	443	12	41.78
141	159	7	20.49
105	1437	4	21.97
103	215	10	13.47
113	452	3	9.29
686	12	6	11.33
12	1533	9	45.45
449	113	4	14.63
129	208	4	10.49
149	116	12	21.7
3885	2614	3	58.65
117	367	3	8.57
139	118	9	9.1
109	204	5	7.53
2935	14	3	9.29
610	173	13	138.25
116	514	4	17.11
838	101	5	14.49
203	9	10	46.23
440	301	7	72.7
16	886	3	15.43
183	187	6	30.44
210	1553	3	30.81
108	3411	4	33.49
101	925	9	40.64
221	117	9	30.34
12	146	94	175.02
143	372	3	13.6
138	151	4	5.09
575	103	4	9.04
236	118	3	4.86
3287	169	3	33.47
246	116	5	12.83
2164	14	3	7.25
977	14	6	13.71
1472	1225	4	62.52
109	399	4	12.28
114	474	3	9.82
137	224	9	42.37
158	139	7	18.24
111	909	3	13.46
135	133	5	4.46
110	308	3	5.62
137	3996	3	30.43
740	12	5	8.52
12	339	14	26.61
348	12	8	8.02
775	12	9	27.13
250	109	3	3.85
144	139	7	13.59
1830	12	3	7.66
102	1025	7	29.76
1153	706	3	38.84
112	2587	3	21.28
126	131	10	15.77
527	103	5	12.79
139	157	5	9.97
139	108	11	9.12
1002	14	14	65.04
2113	14	3	7.25
393	101	4	4.04
618	106	4	15.93
104	1617	5	27.82
122	132	19	46.47
116	5875	3	30.66
102	719	3	5.18
113	197	5	7.79
1579	12	5	17.54
115	645	4	18.05
103	349	7	14.57
101	620	6	15.94
148	132	6	9.74
569	203	6	55.64
101	724	9	35.08
533	119	3	11.72
106	235	4	5.92
138	197	4	10.65
496	12	5	5.23
2082	14	3	7.25
130	14	200	472.39
440	371	8	91.71
227	845	5	50.67
6127	14	3	17.26
1131	381	3	34.48
222	123	4	9.95
278	107	4	8.16
1125	12	3	4.66
104	844	7	32.65
12	2372	5	22.75
299	113	4	9.88
174	12	28	29.66
189	137	18	96.34
3631	1350	4	77.71
155	242	6	30.62
115	257	3	4.81
115	143	31	96.2
136	403	4	19.75
12	2122	3	8.44
328	106	3	5.62
1139	101	6	24.71
195	156	15	92.29
195	113	11	31.92
803	111	3	12.5
177	107	5	4.89
1243	12	3	5.44
324	165	6	39.67
105	219	17	59.01
271	571	3	26.62
6225	14	3	17.26
102	1276	3	8.43
101	427	10	28.99
101	369	9	20.2
1335	965	4	59.17
810	748	3	36.44
1847	14	3	6.49
1176	101	8	39.08
2	136	11	11.3
183	752	3	23.25
324	143	3	12.03
101	594	10	36.82
154	125	71	452
376	626	5	55.85
104	2322	3	15.48
107	1508	3	16.04
102	549	5	10.86
101	1206	4	12.73
511	104	3	5.76
116	1701	3	18.53
12	3343	5	30.94
1024	112	4	21.59
102	3046	3	15.32
133	677	3	16.21
16	1585	3	19.7
285	120	6	21.44
1978	101	3	11.39
2482	14	4	13.79
763	104	3	7.99
191	148	11	54.23
128	137	6	6.23
107	1178	4	21.82
1594	800	3	42.03
889	113	4	20.38
390	104	6	15.47
115	240	3	4.36
215	328	4	28.14
102	1363	3	8.92
233	113	6	14.78
1329	101	7	34.61
480	14	6	5.55
16	155	13	33.7
104	625	6	21.89
104	677	3	7.26
138	182	4	9.4
528	2656	3	43.44
138	116	13	19.16
103	1234	5	22.13
187	239	3	14.42
1037	116	3	15.37
114	1160	3	15.63
110	398	5	17.76
1263	161	3	24.91
558	12	5	6.22
336	104	4	5.71
213	132	3	6.83
253	181	38	402.11
124	3614	3	28.47
815	107	3	11.87
140	172	3	5.76
116	1390	4	25.7
145	695	4	26.64
113	116	17	10.53
158	14	27	6.97
2266	14	3	8.16
105	3591	3	22.7
122	118	17	21.99
210	557	4	33.87
164	192	3	10.23
164	133	3	3.99
722	101	3	4.98
214	118	3	4.06
5890	14	3	17.26
101	1798	4	16.84
439	12	13	33.21
127	885	3	17.06
156	296	3	13.25
109	226	7	16.8
110	249	5	10.67
115	3474	3	23.35
12	171	128	555.44
209	131	4	10.85
102	1831	4	17.16
955	14	6	12.99
107	813	4	18.24
117	969	8	58.84
141	192	5	15.78
101	1139	4	12.73
114	828	4	20.24
752	102	3	5.18
106	1671	3	16.54
102	1325	3	8.92
239	132	3	7.97
364	112	3	7.33
324	150	3	13.03
111	105	124	353.5
387	101	4	3.91
993	14	5	9.55
167	182	4	15.1
341	251	15	161.22
447	142	4	22.25
105	2740	4	28.64
506	12	11	27.4
244	486	3	24.21
2862	12	3	10.52
2456	12	3	9.37
674	119	3	13.02
251	104	5	5.35
115	303	12	56.95
12	1635	3	6.99
137	721	4	25.43
152	349	4	21.1
117	759	3	13.52
356	101	7	11.54
164	2237	4	43.27
1339	108	5	31.91
129	430	4	19.53
113	124	17	19.29
551	14	7	10.34
144	432	5	30.01
2776	14	4	15.6
160	8	3	3.95
2400	130	4	36.08
193	335	3	18.09
277	1195	3	31.58
450	104	3	5.03
119	840	4	21.66
580	14	9	18.17
102	1936	3	11.63
120	432	4	15.94
102	2020	3	11.63
12	229	84	397.21
106	466	12	68.44
101	958	5	16.22
120	115	16	11.2
183	107	10	21.81
102	3616	3	17.5
156	107	7	5.73
109	293	3	5.06
948	12	8	25.7
117	576	3	11.84
312	102	9	16.02
132	705	4	24.3
129	120	47	170.73
343	116	4	12.56
114	252	10	37.78
102	919	6	21.62
101	1803	3	10.57
570	220	3	24.31
228	230	4	24.25
1872	14	4	11.22
1333	625	4	55.06
139	160	3	4.04
890	12	11	42.95
4984	111	3	29.46
263	12	10	6.8
103	107	50	16.07
120	330	3	7.79
107	647	3	10.59
249	137	3	8.78
101	873	4	10.19
12	134	35	5.14
134	107	20	30.95
12	193	16	8.46
151	138	10	28.32
168	223	5	25.9
547	459	3	31.15
1436	14	6	19.93
165	143	4	8.9
104	271	13	39.1
110	346	4	10.81
162	805	4	32.17
101	739	3	4.98
125	102	28	5.84
106	240	5	9.56
187	201	3	12.52
210	511	3	22.96
102	652	5	12.23
103	484	3	4.16
113	184	5	6.59
113	267	3	5.16
137	300	3	10.55
540	118	3	11.48
246	101	14	25.73
133	271	3	9.33
160	286	4	20.94
489	14	8	11.52
145	182	4	10.66
702	106	3	10.91
102	248	13	23.33
136	464	5	28.79
163	135	5	11.01
385	948	3	32.94
141	363	3	12.99
16	254	7	25.66
16	210	4	8.09
12	4399	4	24.75
1634	12	3	6.99
57	172	3	5.01
529	119	4	17.96
405	113	12	68.15
39	191	5	19.08
111	208	4	5.47
181	14	32	32.8
1795	1218	3	45.97
1163	14	3	3.98
447	101	6	11.99
107	464	4	13.6
8	423	14	111.64
751	292	3	28.65
239	118	6	17.35
553	138	4	23.33
143	609	4	25.09
101	428	7	15.33
222	363	4	30.05
110	755	3	11.88
105	224	13	38.89
131	151	5	7.07
117	1835	3	19.44
451	102	4	5.47
118	21	6	5.07
207	104	17	43.97
112	3036	4	34.42
111	1157	6	39.94
124	1412	3	20.13
225	250	4	25.3
664	101	7	21.38
205	133	3	6.46
1139	110	3	14.74
300	135	3	10.34
1896	14	3	6.49
2535	119	3	22.83
16	269	3	7.02
104	656	5	16.73
150	238	10	58.45
101	3048	3	15.08
2004	181	4	43.55
320	118	6	22.61
102	1606	4	16.12
176	141	5	14.29
501	101	4	5.94
106	2078	3	18.14
651	101	3	4.35
112	492	4	15.21
306	116	3	6.85
101	1429	3	9.24
342	304	4	33.52
159	390	3	16.82
143	3436	3	29.22
276	111	3	5.14
117	737	3	13.25
118	274	3	6.31
273	2176	3	36.4
111	1355	3	16.1
102	2686	3	13.79
1703	102	3	10.1
170	118	4	4.47
123	105	60	151
281	141	3	10.78
106	1645	3	16.54
3315	14	4	18.12
102	444	4	5.47
106	985	7	43.98
124	338	33	284.93
1870	103	3	12.26
922	16	3	15.77
112	1366	3	16.19
102	1351	3	8.92
1555	677	4	57.55
101	353	10	22.64
355	103	5	7.79
154	150	3	4.32
1182	14	3	3.98
112	1570	5	35.47
119	2645	6	62.26
104	964	4	15.08
110	620	3	10.65
150	343	4	20.59
324	284	3	22.19
104	1084	4	16.17
227	2354	4	48.92
111	440	8	39.48
321	134	3	10.73
120	201	4	6.73
107	640	4	16.13
12	148	26	4.64
112	3216	3	22.85
151	143	8	21.53
102	5501	3	21.95
453	108	3	8.44
315	160	3	14.75
1525	14	4	9.4
110	216	4	5.41
1257	101	5	19.28
135	145	9	20.44
1671	14	3	5.85
126	143	7	10.15
1490	14	3	5.29
126	257	3	7.67
4427	2585	4	85.35
196	589	5	43.79
113	467	3	9.45
112	929	7	45.08
142	2112	3	25.17
113	256	11	43.09
732	221	3	25.78
218	143	3	8.47
1249	112	3	15.65
105	1764	4	23.98
246	286	3	19.68
4014	103	3	19.02
12	6063	3	18.56
2853	706	3	45.07
565	523	5	59.24
130	180	3	4.79
721	108	10	64.96
236	122	5	14.99
172	107	9	16.96
1529	104	3	12.27
533	104	3	6.09
182	386	8	66.63
107	1100	3	13.99
1750	111	4	27
153	113	20	52.52
130	195	7	23.8
3148	12	4	19.84
104	237	5	4.55
1396	118	3	17.48
655	108	3	10.64
12	485	5	4.8
3285	101	3	15.08
294	122	10	50.74
238	106	8	21.91
283	124	3	8.43
101	757	5	13.51
210	1131	3	28.49
1489	14	7	26.31
158	115	6	5.77
102	790	3	5.42
112	978	3	13.91
133	237	3	7.88
2584	109	5	42.88
112	2243	4	29.89
109	294	5	12.91
156	228	3	10.7
109	102	89	64.39
116	1256	5	33.88
284	144	3	11.21
1227	12	3	5.44
126	12	60	28.32
106	1147	9	67.8
103	194	14	21.26
650	14	5	5.74
102	874	9	40.1
101	1782	3	10.57
102	942	3	6.51
2856	14	3	9.29
2249	101	3	12.36
4200	14	3	12.87
101	907	4	10.19
120	112	15	7.84
471	14	11	21.26
135	102	39	34.85
110	137	24	48.98
135	294	3	10.1
3302	12	3	12.02
862	113	12	92.46
105	830	3	10.64
147	447	10	77.52
154	111	6	3.94
120	660	3	12.82
581	267	3	26.47
282	139	4	16.23
1655	12	7	31.37
2	3124	3	23.5
1528	102	6	29.01
643	253	4	37.78
106	1034	3	13.42
105	318	20	102.09
3019	2565	3	56.42
2294	14	7	40.27
127	1228	3	19.55
146	118	34	122.61
104	915	10	58.58
978	110	5	28.12
374	120	4	14.34
346	13	8	51.53
132	150	4	4.37
147	1725	3	24.87
5741	14	3	17.26
180	105	8	10.55
2913	14	3	9.29
102	429	9	24.83
136	170	8	27.3
1506	12	3	6.41
102	533	4	6.84
317	139	3	11.25
152	121	5	4.52
170	132	3	4.67
123	208	5	13.5
101	1476	5	21.33
1372	12	4	10.22
128	21	5	6.3
145	251	67	707.91
124	1188	3	18.5
9	16	6	4.06
1287	14	3	4.37
155	327	3	13.91
549	103	3	5.06
124	2658	5	49.55
292	109	4	8.71
102	1377	3	8.92
644	101	3	4.35
227	734	18	241.48
233	14	20	22.06
124	414	22	184.35
320	324	4	33.18
12	1044	4	7.87
430	122	3	11.54
267	3312	4	56.02
366	589	3	29.6
101	3077	3	15.08
243	130	3	8.02
1559	769	5	76.56
168	1037	3	24.67
16	163	10	26.05
783	12	7	17.18
223	1710	3	32.17
173	1000	3	24.85
189	117	23	104.03
9	161	3	4.04
219	590	4	35.12
191	209	4	19.87
163	214	11	71.22
2357	14	5	20.62
114	761	4	19.42
102	487	16	69.84
5665	14	3	17.26
1039	14	8	24.77
5775	14	3	17.26
105	1605	6	40.99
1018	132	3	18.98
219	337	17	178.6
166	140	3	4.99
523	12	5	5.7
308	955	3	30.76
104	869	4	14.13
391	195	8	69.45
629	12	7	14.27
106	2245	3	19.15
101	444	13	46.59
101	528	12	46.47
766	101	4	9.05
3314	14	5	28.76
2741	101	3	13.54
239	192	3	14.84
180	3685	3	36.36
12	736	22	128.04
226	131	4	11.82
110	311	3	5.62
298	166	3	15.01
112	3261	4	34.42
565	14	6	7.27
279	103	9	17.85
161	102	58	163.23
232	142	8	38.84
120	179	7	15.06
3396	12	4	19.84
101	1093	3	7.34
311	386	5	46.61
113	370	6	23.52
107	2030	3	18.3
426	527	12	162.36
144	179	3	6.17
286	107	3	4.87
109	122	18	16.49
104	1128	5	22.74
277	223	3	18.37
109	292	3	5.06
534	14	7	9.93
149	143	10	30.31
126	124	12	18.29
196	101	19	30.17
618	147	3	17.58
231	122	4	9.94
589	110	6	29.49
104	1450	5	26.55
428	14	6	4.64
105	1721	3	15.85
145	705	3	18.14
150	3398	4	44.33
443	109	3	8.53
952	102	3	6.51
85	144	4	6.26
316	12	9	8.6
169	107	6	6.74
106	142	38	113.64
5882	12	3	18.56
524	181	12	123.09
934	12	4	6.98
1082	107	4	21.19
199	107	4	4.24
12	2771	5	25.62
150	777	3	19.55
264	122	22	142.42
380	118	3	8.95
172	120	10	27.57
1822	14	3	6.49
959	203	3	26.7
105	867	5	23.7
649	104	3	7.04
173	454	5	38.58
196	142	6	21.7
905	12	4	6.58
85	103	35	62.09
102	757	3	5.42
101	2071	3	11.39
102	653	5	12.23
147	3873	4	48.41
113	138	24	54.57
407	176	8	67.48
137	301	4	16.3
12	1294	3	5.44
1937	101	6	34.51
747	131	3	16.58
101	1815	3	10.57
102	1011	5	17.29
106	1182	3	14.28
164	122	7	15.48
263	166	6	35.86
8	3350	3	28.38
411	2	3	8.97
2484	130	3	24.67
168	179	3	9.82
1873	125	3	21.63
537	170	3	20.92
110	159	7	7.73
994	12	3	4.02
110	242	6	14.31
104	375	20	100.85
102	1730	3	10.81
107	646	5	22.9
2490	14	5	20.62
431	16	4	16.82
85	1108	3	22.26
245	1322	5	58.32
106	344	9	37.05
232	101	28	83.39
304	115	6	20.2
1115	122	3	17.62
12	194	13	4.3
502	145	13	111.71
1772	2707	5	96.24
1776	103	3	12.26
16	508	3	12.04
177	105	22	67.37
288	131	16	106.22
337	108	3	6.14
1120	9	7	61.46
101	2721	3	13.54
420	113	3	8.86
13	121	6	5.78
119	435	3	10.37
101	533	4	6.56
215	424	3	21.85
124	1413	4	29.59
664	12	4	4.47
442	107	3	8.24
929	108	9	61.8
118	149	7	7.14
742	120	5	28.05
141	118	35	122.8
118	324	3	7.36
132	182	3	4.98
195	164	4	16.08
174	153	4	11.76
132	538	4	22.13
189	327	5	34.14
211	238	7	49.84
111	3899	3	24.98
306	111	3	5.83
101	1559	7	38.58
128	117	100	503.54
306	154	7	42.65
114	916	4	21.16
542	156	3	18.34
12	1091	3	4.66
138	642	4	24.54
119	224	9	31.46
1	57	12	56.25
688	156	4	28.7
370	122	6	28.77
2264	133	3	24.88
168	946	6	57.36
388	102	4	4.15
102	529	4	6.84
157	2	7	8.44
359	112	4	11.76
1985	2651	4	74.26
647	103	3	5.81
3163	14	4	18.12
133	1854	3	23
104	911	3	9.17
324	116	4	11.68
1299	14	5	12.36
146	192	3	7.1
2	232	3	4.16
1266	3153	3	50.69
523	266	5	48.51
2866	113	3	21.52
104	2302	3	15.48
119	488	17	128.3
2595	12	3	10.52
806	703	3	36.16
162	291	4	21.76
117	3177	3	24.12
16	185	7	17.29
110	979	3	13.49
121	933	3	15.82
57	245	3	8.52
105	355	34	237.83
118	378	4	13.98
988	14	8	23.55
2111	14	6	25.75
108	105	74	127.09
323	21	3	12.98
103	939	3	7.86
115	197	12	38.37
112	553	9	52.36
1074	12	4	8.37
410	708	4	44.76
5636	12	3	18.56
160	12	22	7.98
339	107	3	6.1
104	1420	6	34.83
122	259	4	11.32
85	122	5	5.18
788	110	5	25.21
3418	808	4	67.54
1242	101	3	8.2
148	145	4	5.78
2781	14	3	9.29
125	122	22	51.15
2407	14	6	28.89
138	143	14	43.87
213	102	18	34.29
2135	113	3	19.28
414	104	3	4.53
1291	107	3	14.92
151	142	4	5.78
361	176	7	53.82
102	1803	5	24.43
107	845	3	12.17
152	1919	3	25.84
1402	14	6	18.57
134	120	23	56.46
12	246	75	362.89
114	283	13	62.27
1070	103	5	20.44
145	1069	4	30.83
137	421	4	20.58
1124	653	5	69.46
129	202	3	5.92
109	310	4	9.32
103	193	12	14.77
106	1208	5	29.64
129	107	22	33.87
102	873	5	15.42
136	796	3	17.62
144	156	11	39.48
460	146	3	15.49
112	647	14	102.33
156	120	6	6.89
277	112	4	9.02
112	4673	3	29.55
126	101	27	5.34
312	122	3	8.59
785	14	10	28.6
659	110	3	10.88
45	13	5	11.38
3893	706	3	48.89
3938	103	3	19.02
5592	115	3	30.06
348	130	4	17.14
119	914	3	15.07
12	107	169	137.88
101	1088	3	7.34
120	113	37	70.63
999	107	3	13.19
101	652	4	7.81
1202	102	3	7.98
110	595	3	10.44
2839	14	3	9.29
102	5350	3	21.95
1132	207	4	40.53
475	105	4	11.82
151	344	5	28.04
1842	1083	3	45
112	2244	3	20.05
117	59	9	7.79
743	108	13	93.81
1683	14	3	5.85
103	531	3	4.9
245	328	3	20.75
106	1402	7	50.63
102	739	5	13.44
122	102	70	86.1
260	113	5	12.23
9	172	3	5.4
118	481	5	22.81
1491	12	3	6.41
174	197	3	11.54
376	3618	3	44.4
102	279	14	33.09
1058	14	6	14.5
115	225	7	18.85
115	116	30	44.8
13	1158	5	42.53
102	1558	4	16.12
101	248	8	7.59
181	9	6	18.76
248	147	3	10.04
124	367	3	10.54
106	695	11	72.19
119	318	6	22.89
124	425	6	32.09
105	400	7	25.35
387	125	8	45.6
111	121	23	28.6
678	12	5	7.77
299	139	5	22.91
166	522	3	19.85
16	127	24	58.15
111	544	4	15.84
2014	161	5	54.33
102	428	9	24.83
4172	14	3	12.87
102	532	4	6.84
1924	14	7	30.96
136	126	6	5.55
244	118	3	5.15
195	139	3	6.46
670	113	3	11.52
104	2650	3	16.69
1835	5553	3	60.01
101	1025	4	11.59
659	101	17	89.96
183	171	7	36.16
12	2908	5	25.62
103	5944	3	23.48
110	327	8	30.56
509	101	6	13.58
223	105	4	3.87
139	133	6	7.67
792	207	3	25.73
892	14	4	5.19
661	120	8	51.23
478	166	3	19.12
362	102	6	8.92
144	238	4	14.71
273	104	5	6.59
113	111	43	72.73
103	382	5	8.79
102	800	4	9.71
163	742	7	63.94
109	411	3	7.84
196	182	7	39.26
109	563	5	21.64
179	324	3	16.67
246	131	3	8.12
380	103	4	5.54
127	2108	3	22.97
253	110	3	4.07
101	2615	5	30.81
153	140	7	17.14
106	130	11	6.31
101	719	7	23.24
102	2005	3	11.63
865	104	3	8.84
172	146	4	10.3
16	282	3	7.44
16	114	48	127.25
162	59	5	10.87
305	101	14	34.68
1	45	5	19.99
1498	14	3	5.29
2417	14	5	20.62
4105	1094	3	51.96
188	1283	3	27.31
262	115	6	17.41
104	3164	4	28.24
961	101	3	6.62
155	137	15	57.25
582	109	3	10.09
285	107	3	4.87
201	12	17	13.07
696	109	3	11.21
1128	300	3	31.7
132	142	16	49.6
2165	12	3	8.44
373	116	6	25.42
1411	14	4	8.66
281	112	3	5.34
1380	14	5	13.27
1066	101	3	7.34
12	752	8	21.17
105	316	4	7.51
131	125	6	4.41
1292	102	4	13.69
131	168	4	7.51
106	2381	3	19.15
177	193	4	17.26
1279	12	3	5.44
102	1206	3	7.98
502	133	10	73.82
474	108	4	13.88
106	4328	4	38.19
957	207	3	27.1
132	241	7	29.91
173	693	3	22.62
230	106	5	8.84
132	101	127	355.35
123	107	16	12.73
272	102	8	10.45
102	594	12	50.42
145	12	32	9.07
1190	12	5	13.52
115	335	4	11.56
163	148	12	53.39
313	120	3	7.37
112	2644	4	31.8
117	803	5	28.52
16	196	6	14.61
278	120	3	6.63
441	141	8	55.8
111	194	6	10.35
6219	28	3	60.88
198	426	6	51.06
1275	144	6	54.08
756	104	3	7.99
1152	119	3	16.69
305	142	5	24.02
106	2919	3	20.37
183	382	3	18.67
2816	102	3	13.79
2020	9	4	35.84
842	103	4	11.93
186	1570	4	41.5
1822	115	3	18.68
106	225	5	8.47
114	423	3	9.07
122	324	7	32.24
85	118	6	5.45
210	526	3	23.35
122	149	8	13.15
12	1278	7	25.93
935	110	3	13.13
690	102	3	4.75
147	1188	3	21.81
117	366	5	19.21
104	1227	6	32.1
792	159	4	31.45
102	1798	3	10.81
120	141	8	8.15
116	2699	4	33.27
106	478	3	8.55
106	360	10	44.91
178	379	3	18.25
1385	102	3	8.92
2392	113	4	30.21
315	109	7	24.11
574	717	5	63.27
45	104	16	17.37
110	117	14	4.44
827	102	8	32.25
122	192	5	11.09
544	371	5	54.33
587	115	3	11.11
108	617	4	16.2
109	379	5	16.69
201	642	3	23.92
375	102	7	13.22
2602	12	3	10.52
121	354	6	26.39
120	389	3	9.33
185	1661	6	68.97
101	681	5	12.24
148	133	4	4.1
6049	965	3	55.63
138	273	4	15.52
153	126	6	9.42
627	103	4	9.58
12	187	47	100.85
106	489	4	13.84
101	2266	3	12.36
105	730	3	9.8
694	203	3	24.47
147	551	7	52.29
135	132	5	4.37
492	159	3	18.67
104	438	3	4.9
109	274	4	8.25
109	132	9	3.9
333	151	3	13.42
1448	103	3	10.91
210	318	3	18.8
102	1078	6	24.18
2252	153	3	27.79
985	14	6	13.71
129	187	3	4.9
164	118	7	12.23
113	450	3	9.29
192	248	3	15.14
706	14	7	13.26
2801	14	4	15.6
104	1794	6	38.47
6109	14	3	17.26
127	358	9	52.67
588	14	12	31.67
155	346	4	21.79
133	2167	5	46.82
103	669	3	5.81
170	102	12	7.43
102	461	7	16.9
101	1138	3	7.75
157	12	44	49.73
12	774	4	5.56
106	1002	3	13.03
154	184	3	7.75
2937	102	3	13.79
2408	130	3	24.67
188	12	17	8.98
101	426	8	19.58
154	267	3	12.03
146	259	4	15.81
12	2492	7	43.31
559	14	17	58.26
2406	14	5	20.62
131	213	3	6.76
131	143	5	5.73
265	120	6	19.97
1794	14	4	11.22
16	200	5	11.22
370	118	7	32.06
119	5091	3	31.12
405	14	6	3.87
39	189	3	8.46
39	136	11	35.43
714	110	11	75.16
103	1830	3	12.26
12	1106	3	4.66
1403	130	3	20.77
103	923	3	7.86
102	258	8	8.7
102	206	11	11.09
163	134	10	34.37
118	512	3	11.11
174	166	8	40.23
121	1689	3	19.75
101	1545	3	9.86
3549	14	3	10.76
136	357	4	18.1
115	241	6	15.88
173	1065	4	36.86
8	6191	3	35.1
1035	107	5	28.32
111	107	29	24.37
2552	221	3	35.25
116	622	5	25.5
107	357	6	20.74
4332	164	3	35.11
2066	101	3	11.39
741	14	8	18.04
106	831	11	77.71
578	126	3	14.34
331	120	11	57.32
607	14	8	14.83
131	165	5	10.66
101	2671	5	30.81
108	1293	3	14.97
2083	12	3	8.44
108	583	3	9.99
713	176	4	33.06
880	101	8	32.61
2497	14	3	8.16
262	491	4	35.6
713	227	3	26.05
1696	14	3	5.85
152	106	9	8.76
106	1677	5	33.96
139	204	3	7.15
127	962	3	17.78
109	118	27	29.82
139	149	4	5.01
126	116	18	28.2
256	16	7	25.66
3403	14	3	10.76
117	462	3	10.4
129	215	3	6.59
113	479	3	9.6
4382	113	3	25.31
781	365	3	31.14
163	991	3	23.64
210	235	5	31.73
102	925	4	10.93
238	468	3	23.62
106	452	10	52.19
12	215	11	4.35
2390	12	3	9.37
120	170	4	4.75
135	118	8	5.88
121	250	6	20.05
147	462	12	98.98
151	116	17	42.3
203	14	23	21.05
151	182	4	11.73
104	220	37	164.2
110	503	4	14.66
325	14	39	141.72
199	104	9	11.89
102	1875	3	10.81
102	2086	3	11.63
182	354	3	17.78
107	1626	3	16.7
101	2053	3	11.39
1004	181	3	25.54
1382	12	4	10.22
589	101	10	36.82
160	131	4	6.2
1277	14	8	29.27
1332	116	3	17.27
218	225	3	15.77
116	1391	5	34.89
102	1074	5	18.01
105	3247	3	20.49
241	150	3	10.39
118	819	3	13.85
555	103	4	8.79
499	120	3	11.21
948	14	9	27.86
121	1534	4	28.18
256	118	4	9.28
1285	14	3	4.37
5207	103	3	23.48
104	538	5	14.95
223	176	10	68.11
121	211	4	8.21
105	842	4	16.57
315	135	3	10.76
689	113	4	18.04
562	107	3	9.74
446	12	5	4.41
12	226	47	143.71
294	349	4	33.2
161	296	4	21.22
12	278	62	309.52
1071	104	3	10.28
227	539	4	34.67
1771	12	4	12.85
106	140	18	29.07
153	130	8	18.19
220	603	3	24.53
106	314	26	160.81
102	1888	3	10.81
148	121	10	18.02
114	1343	3	16.65
150	779	3	19.55
104	182	9	8.7
802	101	3	5.45
4971	115	3	30.06
112	1102	4	22.17
102	606	4	7.55
175	590	3	21.68
204	132	3	6.39
85	146	4	6.45
122	121	11	9.97
132	375	3	12.07
155	247	7	38.5
108	137	88	397.3
2075	12	4	14.03
369	104	6	14.53
1035	102	3	7.19
1734	14	3	6.49
179	4546	3	36.26
473	14	6	5.55
101	59	26	8.84
233	166	11	75.29
124	412	4	17.66
705	176	4	32.69
506	14	9	15.37
111	102	134	196.3
327	219	3	19.48
159	1311	3	25.4
111	242	4	7.12
253	676	7	75.75
131	113	41	124.24
265	190	3	15.65
237	159	3	11.99
111	347	6	21.54
924	119	5	30.75
13	136	5	6.93
171	120	23	100.48
4337	14	3	12.87
101	1218	4	13.37
2058	1949	3	50.3
114	659	6	32.25
102	351	5	5.69
102	409	9	23.52
373	164	12	104.45
102	2717	3	13.79
906	12	9	30.33
141	276	3	10.63
297	844	3	29.72
2761	109	3	20.69
247	12	9	4.02
112	219	13	47.83
121	3163	3	25.19
1425	14	3	5.29
118	202	7	18.02
6234	14	3	17.26
127	371	4	17.32
104	1096	6	29.92
166	241	10	67.62
265	122	8	34.62
171	193	3	11.16
2136	12	4	14.03
192	1996	3	31.09
101	535	4	6.56
107	316	11	47.45
2334	119	3	21.6
102	1422	4	15.21
1496	14	7	26.31
1634	14	4	10.24
299	166	5	30.19
479	182	4	29.58
108	216	13	43.92
1033	119	3	15.82
107	1281	7	49.38
334	128	8	43.25
566	3032	3	45.23
358	128	3	11.03
140	132	5	5.43
109	382	6	22.44
127	730	3	15.85
2429	173	4	44.68
102	655	6	16.86
1184	14	7	21.67
1994	153	3	26.77
1090	5589	3	56.46
148	187	3	7.13
102	1934	3	11.63
120	586	3	12.16
112	1824	3	18.18
103	1121	3	8.95
404	574	3	30.29
380	134	3	12.41
522	300	3	26.81
105	795	3	10.34
101	2261	4	19.53
104	527	3	6.09
107	720	3	11.32
856	14	5	8.01
162	926	3	23.24
221	105	18	64.88
107	764	8	48.23
12	275	8	4.41
144	131	17	55.54
263	14	13	9.78
3178	14	3	10.76
449	124	6	33.06
159	642	4	29.59
105	1895	3	15.85
126	139	10	18.36
1108	278	4	44.15
139	104	15	6.28
736	102	3	5.18
385	8	3	13.04
102	1981	3	11.63
1761	106	3	17.29
105	2134	3	16.7
101	667	7	21.38
382	122	8	43.88
238	248	6	44.2
106	220	5	8.33
1632	113	6	46.2
183	379	4	27.1
1388	12	6	21.05
118	955	4	22.26
830	12	4	6.22
204	108	8	18.21
113	255	6	16.44
113	211	5	9.22
1923	14	7	30.96
158	131	4	5.56
104	3789	3	20.44
144	250	3	9.85
1169	14	4	7.42
3393	14	3	10.76
144	198	6	22.87
847	166	4	32.96
318	488	6	62.55
3483	12	3	12.02
109	146	16	26.44
139	121	7	6.29
107	2487	3	19.31
135	312	6	29.4
12	2944	6	37.13
135	146	7	12.93
827	107	3	12.17
209	14	15	6.77
120	150	12	24.11
120	198	7	18.35
227	453	3	22.89
590	106	3	10
134	118	8	5.67
601	14	6	7.97
2840	14	3	9.29
150	344	3	13.71
1038	12	5	12.08
102	1352	6	27.58
143	613	4	25.09
283	948	3	30.15
102	1217	4	13.69
1182	12	4	8.93
123	102	78	116.61
363	410	3	26.79
123	242	3	6.72
272	107	4	7.98
8	1573	3	22.92
101	1172	3	7.75
101	1256	3	8.2
112	300	11	48.4
118	277	7	25.96
141	306	17	126.48
1989	101	3	11.39
302	120	4	11.62
137	4580	3	30.43
201	85	3	8.78
1727	108	3	17.5
133	831	8	65.01
105	1328	3	13.88
854	12	4	6.22
145	237	4	14.74
334	201	3	18.75
107	1148	6	38.63
101	307	9	15.16
311	599	5	52.18
903	102	4	10.49
1866	14	4	11.22
130	688	3	16.01
1021	101	4	11.59
57	103	18	5.09
349	116	3	7.9
1403	14	4	8.66
102	1500	3	9.48
116	4456	4	40.88
107	421	7	30.31
914	840	6	87.27
220	173	17	134.93
124	547	6	36.12
106	641	4	16.24
1049	113	5	29.94
1258	12	3	5.44
167	113	5	4.94
954	12	4	6.98
932	102	4	10.93
112	2696	3	21.28
108	258	7	19.37
101	1527	3	9.24
846	14	4	4.85
251	122	4	11.16
101	1338	3	8.69
406	108	4	12.32
107	1567	9	79.96
12	2088	7	37.38
103	634	3	5.61
152	122	7	10.94
230	144	6	25.93
2	1594	3	18.08
103	2480	3	14.08
118	228	4	7.91
564	1361	3	38.47
116	1072	4	23.62
121	640	4	20.11
2070	119	3	20.59
2	247	3	4.72
146	228	3	9.04
12	4559	3	14.16
288	113	3	5.68
258	535	5	47.91
1198	14	4	7.42
105	761	4	15.77
111	1055	3	14.21
12	158	26	11.26
134	132	6	6.6
12	109	90	14.03
161	121	6	9.52
108	3567	3	24.37
101	910	3	6.3
2462	12	3	9.37
413	125	7	39.22
164	146	4	9.11
112	765	7	41.68
1858	113	3	18.42
362	107	3	6.57
112	721	3	12.03
499	106	4	14.07
624	112	3	11.07
156	118	11	22.56
102	2330	3	12.6
303	118	7	27.28
358	112	4	11.76
407	203	4	30.17
103	379	4	5.41
122	104	50	72.8
210	422	6	52.1
519	682	3	33.22
2099	108	3	18.35
236	187	3	14.25
334	14	9	6.96
5235	103	3	23.48
101	1592	5	22.58
106	1912	3	17.29
1881	14	4	11.22
102	3094	3	15.32
1394	12	3	5.9
108	249	4	6.73
141	395	5	28.29
116	603	3	11.89
111	117	126	513.44
110	1091	3	14.29
2650	4647	3	63.15
314	109	3	5.57
16	2	60	188.02
188	523	4	31.08
1296	14	3	4.37
654	145	3	17.63
101	514	5	9.9
275	171	4	22.72
12	670	4	4.47
102	4113	3	17.5
338	104	8	21.49
159	235	11	72.72
108	398	6	23.02
2773	12	3	10.52
102	367	5	6.27
112	318	14	71.05
102	425	15	57.3
1111	14	5	10.82
133	2198	3	24.88
2538	101	4	21.4
12	1876	9	55.69
4152	108	4	38.48
152	118	10	17.01
764	108	3	11.64
156	122	6	8.97
6191	14	3	17.26
112	2608	3	21.28
185	2451	3	31.61
200	213	5	29.01
185	2391	3	31.61
402	157	4	24.27
113	490	3	9.77
129	102	86	171
726	104	3	7.73
103	190	9	6.67
104	4066	3	20.44
102	938	3	6.51
214	107	4	5.09
106	375	3	6.85
12	102	661	784.11
12	159	22	7.98
120	165	6	9.48
1443	104	3	12.27
183	122	9	27.87
1569	14	4	10.24
168	143	5	13.78
2744	14	3	9.29
104	101	555	1491.53
110	380	3	7.37
105	978	3	11.64
178	120	8	19.03
153	256	4	17.23
138	113	10	8.73
101	769	3	5.21
148	107	17	31.3
113	305	5	14.68
112	966	8	55.46
260	12	13	13.26
1307	12	4	9.54
122	107	12	4.71
102	682	4	8.38
210	359	4	29.1
104	1368	4	18.19
2149	122	3	21.98
104	1572	5	27.82
133	101	50	56.57
122	322	3	8.84
510	16	3	12.04
1410	14	5	13.27
85	120	6	5.85
235	455	4	33.7
106	1382	3	15.3
133	142	14	40.23
160	113	14	34.13
1897	12	5	18.94
160	156	25	155.54
103	4905	3	23.48
1280	12	3	5.44
600	151	5	35.53
104	142	49	114.99
1158	103	5	21.25
382	118	3	8.95
120	143	7	6.27
1136	112	3	15.16
1684	118	3	18.73
348	169	3	16.93
717	14	4	3.96
348	126	4	16.15
12	259	21	38.14
168	165	3	8.79
453	104	4	8.72
183	190	5	23.77
2956	102	3	13.79
105	1946	3	16.7
117	426	4	15.52
190	102	10	5.6
104	1161	4	16.78
101	1618	4	15.8
102	1029	5	17.29
103	122	28	10.02
106	1196	5	29.64
346	103	5	7.49
170	121	7	16.17
608	12	4	4.01
2831	12	3	10.52
102	516	4	6.62
101	1109	3	7.34
713	203	3	24.74
157	289	3	13.41
114	678	3	11.98
101	1261	5	19.28
225	1404	3	30.19
843	144	4	28.03
101	415	10	27.98
101	551	4	6.79
102	1152	6	25.2
124	3146	3	26.25
110	616	4	16.53
1204	14	5	11.55
451	120	6	29.54
105	552	3	8.26
529	103	3	4.9
106	691	4	16.56
777	12	4	5.56
377	12	10	15.91
501	113	4	15.52
1857	12	3	7.66
102	188	15	16.53
276	14	20	32.98
13	175	4	10.71
1469	119	3	18.32
102	1157	5	18.81
794	12	4	5.88
101	366	7	12.24
124	3063	5	54.95
131	141	5	5.41
207	108	4	4.81
858	176	3	23.82
118	147	8	8.81
3489	101	3	15.08
132	220	4	11.66
102	4925	3	21.95
895	291	4	42.44
2143	130	3	23.66
152	21	4	7.36
123	117	17	23.24
4520	130	4	45.62
114	673	3	11.98
819	658	3	35.65
114	597	5	24.09
101	1136	3	7.75
101	1188	3	7.75
191	158	4	13.87
986	140	5	38.85
107	1164	3	14.44
191	109	19	67.87
1763	101	3	10.57
3404	14	4	18.12
3756	101	3	17.25
174	14	50	85.49
403	120	17	118.41
155	105	33	96.65
117	602	7	40.71
150	225	6	27.37
547	648	3	33.38
124	458	24	216.56
1315	181	3	27.48
101	291	29	114.2
2306	119	3	21.6
101	2519	3	13.54
130	12	80	82.56
236	107	4	6.15
108	3236	3	22.16
107	1017	5	28.32
101	683	4	8.09
2837	14	3	9.29
105	2321	3	17.7
125	45	4	4.07
102	768	8	30.43
169	145	3	5.82
1697	14	4	10.24
204	122	5	12.53
2107	874	3	44.31
175	358	3	17.75
1305	113	3	15.89
4485	113	3	25.31
110	1120	5	29.59
445	117	3	10.25
112	2590	3	21.28
105	2001	3	16.7
116	1154	3	16.24
139	107	10	6.94
775	14	4	4.23
998	103	3	8.2
162	1766	3	27.98
102	972	7	28.71
164	178	8	40.19
245	496	4	35.05
186	371	3	18.72
143	301	3	11.51
120	138	9	9.36
740	14	5	6.76
1027	103	3	8.56
293	173	14	119.34
12	340	9	10.17
12	264	81	470.08
1991	106	3	18.14
348	14	14	22.43
106	491	18	123.83
270	12	11	10.4
12	174	15	4.17
348	140	4	18.95
106	506	4	14.07
161	107	9	12.79
112	1976	3	19.04
579	139	4	23.83
120	168	11	30.43
127	1805	3	22.1
135	120	12	16.61
112	3198	4	34.42
151	115	11	17.22
203	101	24	52.03
810	14	4	4.53
967	106	3	13.03
439	14	7	7.27
109	120	58	143.34
277	124	4	13.1
256	122	3	6.87
124	2021	6	56.96
119	1717	6	50.83
103	258	8	11.79
12	1242	3	5.44
113	222	6	13.91
113	179	10	23.91
158	12	28	14.49
182	1329	4	39.37
114	392	3	8.43
185	1052	4	36.93
169	102	13	8.37
144	540	3	16.4
127	840	3	16.74
574	1818	5	74.98
109	430	3	8.24
815	108	3	11.93
743	16	3	14.23
135	364	3	12.06
2405	14	5	20.62
4239	14	3	12.87
1147	112	3	15.16
151	432	3	15.85
105	895	3	10.95
1660	14	6	21.52
392	126	3	11.58
116	173	8	17.72
934	113	4	20.86
106	321	11	47.24
199	102	31	83.75
101	850	6	19.73
105	590	3	8.65
119	5106	3	31.12
12	2147	3	8.44
112	1349	3	16.19
1990	108	3	18.35
112	1214	3	15.65
2381	14	4	13.79
101	1543	3	9.86
101	1611	7	38.58
2251	110	3	19.61
234	131	6	23.1
102	297	16	44.21
185	373	23	250.64
1936	110	3	18.61
875	2188	3	45.34
9	158	4	6.52
155	208	11	64.15
3469	113	3	23.09
2764	1460	4	70.93
180	117	18	69.49
185	169	7	35.63
789	124	3	15.59
677	13	3	18.18
103	770	3	6.72
102	1110	4	12.45
8	1	3	6.53
1726	101	4	16.84
1834	106	3	17.29
487	128	3	13.48
16	556	4	19.16
121	630	5	27.52
237	227	7	51.36
131	126	8	9.82
237	176	6	35.82
12	4569	4	24.75
701	101	13	61.55
1279	14	6	17.38
12	2395	4	15.47
586	113	3	10.87
1411	12	3	5.9
205	104	9	12.5
145	2757	3	27.82
4542	14	3	12.87
1250	14	6	17.38
247	116	3	5.08
189	105	8	11.55
968	133	7	57.39
116	2087	5	40.56
121	1656	4	29.13
423	103	4	6.58
229	16	3	5.29
118	469	3	10.44
201	14	43	86.01
112	400	6	24.35
102	291	14	34.18
163	109	51	253.09
556	102	8	24.9
112	572	3	10.64
123	398	5	23.71
1917	139	3	23.79
106	1911	5	35.44
225	474	3	23.06
255	778	3	27.52
102	1442	3	9.48
112	1268	4	23.49
1864	125	4	31.73
101	3060	3	15.08
299	131	4	15.35
387	115	3	8.33
4713	566	3	51.96
193	657	3	23.15
452	103	3	3.9
106	2423	3	19.15
106	271	4	7.72
120	418	3	9.98
112	1736	4	27.11
125	59	13	26.1
104	240	7	10.24
3294	12	3	12.02
121	1295	4	26.57
140	102	35	33.48
113	112	20	11.89
158	124	6	10.17
12	1108	6	17.77
106	1398	3	15.3
2832	14	3	9.29
112	1085	6	39.06
122	306	4	13.51
144	418	3	14.55
260	241	3	18.26
273	548	3	26.48
144	166	6	17.89
362	105	3	5.2
127	914	4	25.73
109	107	54	89.78
139	193	7	25.67
1216	39	13	165.16
102	2324	3	12.6
126	156	7	13.98
126	113	51	162.72
5794	113	3	29.79
104	555	6	20.56
105	767	4	15.77
138	407	3	13.52
12	160	28	17.96
102	1649	4	16.12
101	972	5	16.22
1220	101	3	8.2
223	311	3	19.21
5910	2113	3	60.88
147	547	5	33.61
1765	14	4	11.22
1238	106	3	14.77
827	105	3	10.64
135	202	6	20.71
209	156	4	15.39
209	113	5	9.09
120	256	4	9.62
12	144	143	380.64
2150	12	3	8.44
106	477	10	53.42
868	119	3	14.72
104	2876	3	16.69
101	1619	8	47.97
136	629	7	50.31
114	219	7	18.46
1882	12	5	18.94
102	894	7	26.84
117	547	5	24.65
173	138	3	5.32
1800	14	3	6.49
284	106	5	12.31
139	178	8	28.91
109	322	4	9.65
464	110	3	8.82
117	173	7	14.21
116	1590	3	18.53
1249	101	4	13.37
124	3447	5	54.95
262	629	3	26.49
250	535	3	25.22
316	128	3	9.86
124	1728	4	31.63
12	1334	7	27.48
12	1275	3	5.44
101	805	7	24.66
172	102	11	5.81
1453	181	5	53.17
249	456	3	23.98
238	144	4	14.71
147	173	4	10.52
2803	14	3	9.29
104	257	5	5.43
236	120	7	22.51
414	108	3	7.88
248	108	5	10.3
59	262	3	8.99
1051	225	4	40.28
143	1053	3	20.56
101	297	24	85.41
102	1611	3	10.1
233	131	3	7.59
104	825	5	19.5
695	119	7	43.85
16	272	3	7.09
59	5180	3	34.63
105	553	5	18.81
104	2044	3	14.48
110	1754	5	36.23
403	107	6	23.19
660	119	3	12.78
4955	101	3	21.7
568	1202	3	37.42
3310	14	4	18.12
573	167	3	20.52
211	225	3	15.44
128	105	25	31.46
1308	14	5	12.36
359	12	10	14.53
773	102	4	9.35
168	809	3	22.9
310	150	3	12.76
459	159	3	18.15
1610	123	3	20.7
108	117	175	803.39
137	609	3	16.01
106	1881	4	25.91
1643	101	5	22.58
2144	14	4	12.38
349	143	3	12.81
1676	101	3	9.86
150	284	5	25.37
106	2457	7	66.85
547	649	3	33.38
111	249	3	4.14
105	372	9	35.69
405	12	6	5.6
288	139	6	29.2
1661	12	6	24.04
119	2659	4	33.88
166	111	5	4.5
337	104	4	5.82
12	637	4	4.23
102	1337	4	14.41
101	367	9	19.86
836	103	3	7.25
281	131	6	27.04
1455	115	3	17.27
12	1917	9	55.69
157	14	70	110.58
141	121	10	15.44
588	12	8	17.29
747	139	6	44.16
1225	12	3	5.44
101	1819	3	10.57
472	154	4	24.74
103	102	138	29.66
614	111	3	10.76
117	496	5	23.33
109	329	3	5.88
133	589	13	110.81
127	868	4	25.25
8	2513	3	26.8
623	14	6	8.34
548	227	5	46.14
1192	12	3	5.03
596	132	3	15.43
107	762	3	11.59
134	294	3	9.98
12	190	118	531.84
134	102	26	9.66
125	107	11	4.3
102	1921	3	10.81
213	120	7	20.08
537	478	3	31.12
121	357	9	47.54
130	166	6	14.71
725	14	4	3.96
1848	14	3	6.49
124	2177	3	23.43
104	1463	5	26.55
112	867	3	13.21
85	107	22	54.41
2197	12	3	9.37
122	193	5	11.14
103	549	5	13.11
113	128	9	4.25
301	119	3	7.1
127	781	3	16.13
109	431	3	8.24
117	258	3	5.49
102	2602	3	13.79
991	120	7	49.81
551	110	3	10.03
113	115	15	5.55
158	101	14	4.54
112	884	11	82.69
482	16	6	31.57
1382	14	3	4.8
148	120	27	91.65
110	456	3	8.82
336	102	5	5.16
178	107	5	4.93
2163	12	3	8.44
107	2336	3	19.31
450	486	3	30.02
183	102	12	8.58
298	113	9	36.31
717	9	3	17.48
340	101	5	4.99
1677	14	6	21.52
120	124	18	28.32
120	167	13	38.67
101	1029	5	16.89
120	286	4	11.2
945	160	3	22.7
214	120	33	201.73
926	101	4	10.63
2827	130	3	25.91
109	280	7	21.98
102	2277	3	12.6
312	107	3	5.36
101	3443	3	15.08
126	222	3	6.44
318	386	7	70.95
244	104	5	4.97
102	415	8	19.42
101	1288	4	13.37
143	2096	4	36.86
170	146	5	14.82
200	847	4	36.62
759	101	4	9.05
3349	150	3	30.27
118	245	3	5.2
116	1055	12	104.8
119	2744	4	33.88
107	235	7	17.4
112	1469	7	54.62
101	516	15	65.22
188	140	3	6.36
254	238	3	18.07
607	12	12	37.5
226	139	3	8.14
220	486	4	33.29
532	119	3	11.72
741	12	4	5.26
124	486	6	34.11
125	2432	3	23.51
107	4888	3	28.8
104	731	9	44.41
16	153	9	16.27
193	630	4	33.02
16	302	12	63.94
108	327	13	61.81
102	5030	3	21.95
821	207	5	49.15
907	626	5	66.24
192	1074	3	26.68
797	8	4	26.46
121	465	4	17.51
105	885	6	30.95
134	399	3	12.79
142	609	3	16.79
107	928	6	34.9
1093	110	5	29.59
101	700	5	12.64
158	110	6	4.51
102	667	6	16.86
952	105	3	11.28
136	928	4	27.33
753	207	7	72.88
122	171	14	53.27
646	123	7	46.57
160	139	3	4.04
1461	119	4	27.15
815	102	6	19.56
102	2595	3	13.79
109	121	31	49.15
2397	12	3	9.37
641	203	5	45.52
1526	12	4	10.98
102	1073	7	30.91
144	225	4	13.79
144	116	7	5.54
3723	115	3	25.57
1052	164	4	34.86
161	105	39	141.45
104	2663	3	16.69
2047	14	3	7.25
746	1654	3	41.44
1387	103	3	10.34
120	116	14	9.22
107	672	6	30.38
101	1092	13	82.38
1012	578	13	216.24
685	484	4	45.9
1635	12	3	6.99
110	208	4	5.11
203	154	4	14.21
203	111	7	15.23
107	300	16	79.39
2324	12	3	9.37
383	104	4	7.22
13	341	3	13.17
104	2213	3	15.48
254	156	3	11.83
1241	125	9	83.18
131	112	9	4.74
523	14	10	20.33
121	722	3	14.28
132	271	5	20.33
85	2294	7	86.93
266	103	5	4.49
118	306	5	16.47
118	106	16	6.05
1138	145	5	42.02
101	1217	3	8.2
101	1141	7	31.61
107	1369	4	23.26
2090	12	3	8.44
123	137	22	65.89
4469	12	3	14.16
102	307	15	40.79
176	125	6	14.44
251	102	13	24.07
9	103	34	39.88
1415	176	3	27.82
1871	14	3	6.49
105	584	8	38.79
101	2940	4	21.4
104	732	4	12.56
536	220	5	45.34
104	705	4	12.22
16	212	4	8.2
116	635	17	138.5
909	203	4	37.68
102	1423	4	15.21
363	227	3	20.96
112	371	4	12.35
112	421	4	13.73
306	112	3	5.91
174	113	11	27.88
498	117	5	23.33
228	604	3	24.8
115	455	4	15.17
123	216	5	13.94
261	180	3	14.74
261	115	4	8.5
136	317	3	10.8
272	120	8	32.11
1542	14	4	10.24
13	122	5	4.27
188	112	4	3.95
192	3209	3	34.94
150	472	5	32.51
177	102	50	155.74
110	753	3	11.88
1319	123	5	38.53
1148	12	3	5.03
451	104	3	5.03
107	721	4	17.47
1863	113	4	27.43
107	765	3	11.59
127	3602	3	29.03
12	326	47	221.14
147	353	3	13.26
110	105	44	42.52
994	14	7	18.39
119	2332	5	43.52
104	376	8	24.13
117	353	4	13.03
411	283	4	35.29
190	118	6	11.87
2074	14	4	12.38
156	204	3	9.61
102	970	7	28.71
102	910	6	21.62
164	121	4	4.54
485	102	5	9.19
124	1788	4	31.63
886	105	3	10.95
112	2267	3	20.05
101	5352	3	21.7
339	118	3	7.9
905	14	4	5.19
1503	120	3	18.36
628	101	3	4.17
401	12	11	21.64
120	587	4	18.56
101	737	4	8.71
12	581	6	9.69
570	101	10	36.01
3032	14	3	10.76
514	115	8	44.52
101	5586	3	21.7
180	718	4	33.28
114	224	4	6.8
108	2191	3	19.36
1687	144	3	23.79
1150	104	3	10.71
120	151	8	10.79
116	2807	3	22.38
143	224	15	91.58
1402	12	3	5.9
304	154	5	26.84
418	165	5	35.53
12	325	8	6.47
151	141	32	170.92
105	745	4	15.4
953	14	4	5.56
130	285	3	9.57
236	171	3	13.61
199	132	4	10.25
1654	12	3	6.99
125	121	13	16.56
107	1034	5	28.32
125	215	3	5.81
101	606	4	7.27
101	666	4	7.81
12	502	6	8.03
322	352	4	34.43
85	121	5	4.46
2019	111	3	18.95
587	12	7	13.3
779	120	17	153.29
464	101	7	16.38
105	1627	5	31.55
160	164	4	12.35
160	14	39	31.5
3350	9	3	28.46
3378	14	4	18.12
287	120	3	6.84
12	1679	5	17.54
102	59	21	3.98
105	4130	4	36.24
136	387	4	19.22
133	710	11	93.34
104	1991	3	14.48
604	109	3	10.29
108	242	13	49.28
222	231	3	16.24
111	137	14	17.5
714	221	4	36.89
124	385	32	294.21
436	607	3	31.26
1590	14	4	10.24
295	369	4	34.26
6199	14	3	17.26
102	1548	4	16.12
269	101	14	30.68
208	510	6	54.83
13	103	40	71.14
1977	106	3	18.14
101	409	27	139.53
175	2031	3	30.12
116	4427	3	26.17
102	1218	3	8.43
738	14	6	10.08
114	1961	3	19.51
673	2	3	12.15
146	276	3	11.08
101	2717	3	13.54
223	756	3	26.12
118	276	3	6.31
104	1779	4	21.01
170	120	11	32.07
124	1461	8	75.08
145	407	3	14.55
101	4144	3	17.25
201	407	3	20.78
102	365	6	9.31
101	1168	3	7.75
157	195	3	9.11
936	12	7	20.28
1111	113	8	58.86
188	128	4	8.31
101	396	7	13.8
171	107	7	10.17
13	144	4	5.43
4047	119	3	26.63
12	664	19	87.95
105	252	10	28.94
2	13	18	41.14
146	120	8	9.07
105	507	3	7.72
118	1306	5	34.23
16	218	6	17.2
2391	164	3	30.05
119	5189	3	31.12
1172	119	7	53.31
12	996	4	7.41
128	247	3	7.7
1170	12	3	5.03
176	165	3	9.35
101	3785	3	17.25
121	1659	5	39.36
105	1269	3	13.35
118	482	3	10.6
1491	14	4	9.4
919	101	7	27.18
118	364	7	31.49
12	1121	11	51.04
1966	110	3	18.61
158	116	10	19.17
186	318	5	33.58
113	239	3	4.16
204	324	3	18.53
121	1361	5	36.94
105	1733	3	15.85
246	139	5	19.84
124	4320	3	28.47
475	102	4	5.82
105	1016	3	12.02
106	336	6	19.39
590	501	4	45.4
1181	14	8	27.59
655	106	4	16.24
1314	492	4	53.09
107	933	5	26.96
172	204	4	18.4
101	1089	5	17.62
110	188	6	8.95
183	226	3	13.56
1865	12	4	12.85
109	244	5	10.27
127	1019	4	26.79
385	12	7	7.46
697	144	3	17.99
785	12	4	5.56
478	113	5	21.09
1707	446	4	55.05
113	342	3	7.04
101	1852	3	10.57
286	118	3	6.59
112	824	7	43.27
890	336	3	31.19
